A1,A2,A3,A4,A5,A6,A7,ranking,a,b,c,d,e,f,g
0.8000550000000001,-1.7366169999999999,-0.839575,-0.6549010000000001,-0.7371979999999999,-0.9162239999999999,-0.682176,b>e>c>f>d>a>g,5.0,0.0,2.0,4.0,1.0,3.0,6.0
1.561952,-1.81597,-0.193078,0.5736479999999999,0.20894899999999997,-0.856916,-0.886199,d>f>g>b>a>c>e,4.0,3.0,5.0,0.0,6.0,1.0,2.0
-0.744758,-1.81597,-0.848082,-1.064418,-1.642207,-0.595958,-0.431783,d>c>b>a>e>f>g,3.0,2.0,1.0,0.0,4.0,5.0,6.0
1.0259969999999998,-1.498561,0.198223,0.5736479999999999,-0.243556,0.115746,-0.57089,f>a>b>e>g>d>c,1.0,2.0,6.0,5.0,3.0,0.0,4.0
-1.1335879999999998,-1.6572650000000002,0.18120999999999998,0.300637,-1.47766,-0.41803199999999996,0.690345,c>b>d>a>e>f>g,3.0,1.0,0.0,2.0,4.0,5.0,6.0
-0.28236500000000003,-1.6572650000000002,1.0658889999999999,1.256176,0.414633,0.436013,0.171013,d>c>b>e>a>f>g,4.0,2.0,1.0,0.0,3.0,5.0,6.0
-0.035405,-1.498561,0.070625,-0.10887899999999999,-0.654924,0.5071829999999999,-0.17211700000000002,a>d>c>e>b>f>g,0.0,4.0,2.0,1.0,3.0,5.0,6.0
0.779037,-1.577913,-0.099506,0.641901,-0.07900900000000001,-0.14521199999999998,-0.376141,g>c>f>b>d>a>e,5.0,3.0,1.0,4.0,6.0,2.0,0.0
1.8089119999999999,-1.577913,0.410886,1.051417,0.044402,0.00899,-0.9325680000000001,f>e>b>d>a>g>c,4.0,2.0,6.0,3.0,1.0,0.0,5.0
0.873617,-1.7366169999999999,0.657576,0.9149120000000001,1.689874,-0.14521199999999998,-0.366867,c>d>e>g>b>f>a,6.0,4.0,0.0,1.0,2.0,5.0,3.0
1.4411,-1.498561,0.24926199999999998,1.187923,0.20894899999999997,0.080161,-0.830556,d>c>f>g>e>b>a,6.0,5.0,1.0,0.0,4.0,2.0,3.0
1.346519,-1.419208,1.2615399999999999,1.5974389999999998,0.57918,0.329257,-0.15357,d>e>b>a>g>f>c,3.0,2.0,6.0,0.0,1.0,5.0,4.0
-0.224566,-1.0224469999999999,0.053611,-0.17713199999999998,0.167812,0.139469,-0.088653,b>a>e>f>c>g>d,1.0,0.0,4.0,6.0,2.0,3.0,5.0
-0.266602,-1.181152,0.895759,0.300637,0.57918,0.38856599999999997,0.857274,e>f>b>a>c>g>d,3.0,2.0,4.0,6.0,0.0,1.0,5.0
-0.376945,-0.784391,0.30030100000000004,-0.17713199999999998,1.031685,0.056437,0.356489,b>e>f>c>a>d>g,4.0,0.0,3.0,5.0,1.0,2.0,6.0
-0.22981999999999997,-0.784391,-0.550353,-1.132671,-0.654924,-0.204521,0.022632,b>c>a>e>d>f>g,2.0,0.0,1.0,4.0,3.0,5.0,6.0
-1.170369,-0.863743,0.5725100000000001,0.232384,0.373496,0.127608,0.356489,e>f>b>c>a>d>g,4.0,2.0,3.0,5.0,0.0,1.0,6.0
-0.461017,-1.0224469999999999,1.031863,0.232384,1.689874,0.803726,0.45850100000000005,e>f>b>g>a>d>c,4.0,2.0,6.0,5.0,0.0,1.0,3.0
0.348171,-1.339856,0.164196,-0.6549010000000001,0.0032649999999999997,0.708832,-0.274129,e>b>f>a>g>c>d,3.0,1.0,5.0,6.0,0.0,2.0,4.0
0.285117,-0.9430950000000001,1.116929,0.9149120000000001,0.826001,0.637662,0.736714,e>a>b>c>f>d>g,1.0,2.0,3.0,5.0,0.0,4.0,6.0
-0.024896,-1.339856,0.002572,-0.586649,0.45577,0.293672,0.31012,f>b>a>g>e>c>d,2.0,1.0,5.0,6.0,4.0,0.0,3.0
0.442751,-1.339856,0.7341340000000001,-0.10887899999999999,1.3607790000000002,1.254472,0.57906,f>g>d>c>b>a>e,5.0,4.0,3.0,2.0,6.0,0.0,1.0
0.395461,-1.101799,-1.315941,-0.518396,-1.683344,-1.758407,-1.498269,b>d>a>c>f>e>g,2.0,0.0,3.0,1.0,5.0,4.0,6.0
0.148501,-1.0224469999999999,-1.0267190000000002,-0.040626999999999996,-1.0251549999999998,-1.675375,-1.164413,d>e>b>a>f>c>g,3.0,2.0,5.0,0.0,1.0,4.0,6.0
0.5898760000000001,-1.339856,-0.9416530000000001,-0.6549010000000001,-1.436523,-1.260214,-1.507543,d>b>f>e>a>g>c,4.0,1.0,6.0,0.0,3.0,2.0,5.0
1.866711,-1.419208,-0.6694439999999999,0.36889,-0.942882,-1.331385,-1.192234,f>d>a>g>c>e>b,2.0,6.0,4.0,1.0,5.0,0.0,3.0
1.341265,-0.863743,-1.6136700000000002,-0.723154,-0.7371979999999999,-1.450002,-1.665197,f>d>e>b>c>g>a,6.0,3.0,4.0,1.0,2.0,0.0,5.0
-0.461017,-1.101799,-1.052238,-0.723154,0.332359,-0.40617,-0.357593,b>a>e>f>c>d>g,1.0,0.0,4.0,5.0,2.0,3.0,6.0
1.861457,-1.419208,-1.554124,-1.473935,-0.654924,-0.868777,-1.730114,f>e>d>g>a>c>b,4.0,6.0,5.0,2.0,1.0,0.0,3.0
1.230921,-1.260504,-0.618405,-0.31363800000000003,-0.531514,-0.40617,-0.83983,b>a>d>g>e>f>c,1.0,0.0,6.0,2.0,4.0,5.0,3.0
0.842091,-1.0224469999999999,0.104651,0.983165,0.291222,-0.038456,-0.357593,d>g>e>c>a>b>f,4.0,5.0,3.0,0.0,2.0,6.0,1.0
1.609242,-1.260504,-0.635418,0.300637,-0.284693,-0.868777,-0.747092,a>c>b>g>e>d>f,0.0,2.0,1.0,5.0,4.0,6.0,3.0
0.8578540000000001,-1.419208,-0.371715,0.300637,0.044402,-0.9280860000000001,-1.2478770000000001,d>f>g>b>a>c>e,4.0,3.0,5.0,0.0,6.0,1.0,2.0
-0.28236500000000003,-0.308277,1.3466049999999998,0.232384,0.743727,1.290057,0.736714,c>e>b>f>d>a>g,5.0,2.0,0.0,4.0,1.0,3.0,6.0
-1.538182,-0.308277,2.324857,0.9149120000000001,1.689874,1.918728,2.137057,a>b>c>d>e>g>f,0.0,1.0,2.0,3.0,4.0,6.0,5.0
-2.389405,0.32654099999999997,0.436406,-1.4056819999999999,0.167812,2.096654,1.905212,a>f>b>e>c>d>g,0.0,2.0,4.0,5.0,3.0,1.0,6.0
-0.6186510000000001,-0.387629,0.79368,-0.040626999999999996,0.20894899999999997,0.673247,0.77381,f>e>a>g>b>c>d,2.0,4.0,5.0,6.0,1.0,0.0,3.0
-1.102061,0.405893,0.606536,-0.518396,1.689874,0.566492,0.57906,b>g>c>d>f>a>e,5.0,0.0,2.0,3.0,6.0,4.0,1.0
-1.8587040000000001,0.08848400000000001,6.268488,0.5736479999999999,5.433323000000001,4.19618,5.151039,a>b>c>e>d>g>f,0.0,1.0,2.0,4.0,3.0,6.0,5.0
-1.564454,0.405893,0.8192,-0.8596600000000001,0.908275,1.6577709999999999,1.441522,f>c>d>e>a>b>g,4.0,5.0,1.0,2.0,3.0,0.0,6.0
-1.779887,0.009132,2.852262,-0.38189,2.142379,3.2591040000000002,3.120079,a>g>b>d>f>e>c,0.0,2.0,6.0,3.0,5.0,4.0,1.0
-1.60649,-0.07022,0.887252,-11.097572999999999,-0.57265,0.613939,1.089118,a>b>c>e>d>f>g,0.0,1.0,2.0,4.0,3.0,5.0,6.0
-1.4541110000000002,0.247189,1.295566,-0.040626999999999996,-0.284693,1.479845,1.72901,a>b>e>d>c>f>g,0.0,1.0,4.0,3.0,2.0,5.0,6.0
-1.5066549999999999,-0.308277,1.125435,0.36889,1.4430530000000001,0.685109,1.089118,f>e>b>a>c>g>d,3.0,2.0,4.0,6.0,1.0,0.0,5.0
1.3570280000000001,-0.46698199999999995,-1.8263330000000002,-0.586649,-2.670627,-1.865162,-1.535364,d>c>a>b>e>g>f,2.0,3.0,1.0,0.0,4.0,6.0,5.0
0.6003850000000001,-0.149573,-0.49931400000000004,0.846659,-0.942882,-0.5010640000000001,-1.025306,d>g>c>b>a>f>e,4.0,3.0,2.0,0.0,6.0,5.0,1.0
0.978707,-0.387629,-1.545618,-0.723154,-1.8067549999999999,-1.497449,-1.748662,d>g>b>f>e>a>c,5.0,2.0,6.0,0.0,4.0,3.0,1.0
0.574113,-0.46698199999999995,-1.035225,0.300637,-1.395386,-1.307661,-1.210782,g>c>d>f>a>e>b,4.0,6.0,1.0,2.0,5.0,3.0,0.0
0.642421,0.009132,-1.4690590000000001,-0.450143,-2.1358490000000003,-1.011118,-0.8491040000000001,e>c>a>b>d>f>g,2.0,3.0,1.0,4.0,0.0,5.0,6.0
1.824675,0.16783599999999999,-1.749775,-0.9279120000000001,-1.642207,-2.066812,-2.054697,d>f>g>b>c>a>e,5.0,3.0,4.0,0.0,6.0,1.0,2.0
1.0522690000000001,0.16783599999999999,-0.7034699999999999,0.5736479999999999,-1.271976,-1.260214,-0.5430689999999999,a>d>c>g>b>f>e,0.0,4.0,2.0,1.0,6.0,5.0,3.0
1.493644,-0.387629,-1.349967,-0.31363800000000003,-1.518797,-1.378832,-1.359162,g>d>a>f>b>c>e,2.0,4.0,5.0,1.0,6.0,3.0,0.0
1.320247,0.485245,-1.41802,-0.6549010000000001,-0.613787,-1.319523,-0.9789370000000001,e>d>f>g>a>b>c,4.0,5.0,6.0,1.0,0.0,2.0,3.0
1.53568,0.32654099999999997,-0.8906139999999999,0.9149120000000001,-1.189702,-0.892501,-1.201508,e>g>d>c>f>a>b,5.0,6.0,3.0,2.0,0.0,4.0,1.0
1.840439,-0.228925,-1.452046,-0.723154,-0.07900900000000001,-1.568619,-1.386984,g>d>f>b>e>c>a,6.0,3.0,5.0,1.0,4.0,2.0,0.0
-0.43474399999999996,0.723302,0.649069,0.5053949999999999,0.784864,0.803726,0.690345,e>f>g>a>c>b>d,3.0,5.0,4.0,6.0,0.0,1.0,2.0
-0.166767,1.0407110000000002,0.087638,-0.586649,0.45577,-0.09776499999999999,0.671798,b>c>a>g>e>f>d,2.0,0.0,1.0,6.0,4.0,5.0,3.0
-1.049517,1.35812,0.759654,-0.17713199999999998,1.031685,1.266334,1.0798450000000002,e>f>g>a>c>b>d,3.0,5.0,4.0,6.0,0.0,1.0,2.0
-1.448856,0.723302,0.802187,0.164132,1.031685,1.728941,1.181856,f>g>b>e>c>d>a,6.0,2.0,4.0,5.0,3.0,0.0,1.0
-0.660686,1.2787680000000001,0.028092000000000002,-1.200923,0.167812,0.47159799999999996,0.532691,e>f>g>b>a>d>c,4.0,3.0,6.0,5.0,0.0,1.0,2.0
-0.8393379999999999,1.35812,1.2615399999999999,0.846659,1.401916,1.361227,1.1354870000000001,g>f>e>c>a>b>d,4.0,5.0,3.0,6.0,2.0,1.0,0.0
-1.254441,0.882006,-0.005934,-0.450143,-0.9840180000000001,0.246225,0.19883399999999998,f>b>a>g>e>c>d,2.0,1.0,5.0,6.0,4.0,0.0,3.0
-1.354276,0.723302,0.48744499999999996,0.027625999999999998,0.0032649999999999997,0.803726,0.912916,g>f>c>b>d>e>a,6.0,3.0,2.0,4.0,5.0,1.0,0.0
-0.802557,1.2787680000000001,-0.031454,-0.8596600000000001,-0.243556,0.530906,0.662524,c>g>e>b>f>a>d,5.0,3.0,0.0,6.0,2.0,4.0,1.0
-1.532928,0.961359,0.904265,-0.040626999999999996,0.867138,0.530906,1.200404,f>a>c>b>e>d>g,1.0,3.0,2.0,5.0,4.0,0.0,6.0
-1.2754590000000001,0.802654,0.15569000000000002,-0.723154,1.196232,0.258087,0.718167,b>e>f>c>a>g>d,4.0,0.0,3.0,6.0,1.0,2.0,5.0
-0.298128,0.723302,-0.933147,0.164132,-0.9840180000000001,-1.283938,-0.8027350000000001,f>d>a>b>e>g>c,2.0,3.0,6.0,1.0,4.0,0.0,5.0
0.616149,0.802654,-0.8225620000000001,0.36889,-0.44924,-0.643405,-0.552343,g>e>f>d>b>a>c,5.0,4.0,6.0,3.0,1.0,2.0,0.0
1.530425,0.723302,-0.805549,-0.245385,-0.20241900000000002,-1.36697,-1.312793,e>g>f>d>c>a>b,5.0,6.0,4.0,3.0,0.0,2.0,1.0
0.721238,0.802654,-0.75451,0.36889,-0.6960609999999999,-0.762022,-0.737818,c>f>a>d>g>b>e,2.0,5.0,0.0,3.0,6.0,1.0,4.0
-0.613396,1.35812,-0.388729,0.36889,-1.0251549999999998,-0.382447,-0.097927,g>c>a>e>d>b>f,2.0,5.0,1.0,4.0,3.0,6.0,0.0
1.220412,0.802654,-1.094771,-0.38189,0.291222,-1.461864,-0.904747,g>b>c>a>e>f>d,3.0,1.0,2.0,6.0,4.0,5.0,0.0
1.262448,0.882006,-0.618405,0.983165,-0.654924,-0.856916,-0.895473,d>g>c>a>f>e>b,3.0,6.0,2.0,0.0,5.0,4.0,1.0
0.65293,0.802654,-1.8348400000000002,-1.678693,-1.971302,-1.556758,-1.535364,e>c>g>f>a>b>d,4.0,5.0,1.0,6.0,0.0,3.0,2.0
0.863108,1.2787680000000001,-1.222369,-1.200923,-0.613787,-0.880639,-0.8583780000000001,b>f>e>a>d>c>g,3.0,0.0,5.0,4.0,2.0,1.0,6.0
0.579367,1.2787680000000001,-1.0437319999999999,-0.723154,-0.819471,-1.09415,-0.9974850000000001,g>c>a>f>b>e>d,2.0,4.0,1.0,6.0,5.0,3.0,0.0
1.230921,0.961359,-0.558859,-0.17713199999999998,0.291222,-1.09415,-1.275698,d>c>f>g>b>e>a,6.0,4.0,1.0,0.0,5.0,2.0,3.0
-0.3822,1.9135849999999999,-0.03996,-0.450143,0.291222,0.139469,0.226656,g>c>a>e>d>b>f,2.0,5.0,1.0,4.0,3.0,6.0,0.0
-0.303383,2.865812,-0.601392,0.027625999999999998,-0.07900900000000001,-0.524787,0.263751,g>a>e>c>f>d>b,1.0,6.0,3.0,5.0,2.0,4.0,0.0
0.022394,1.675529,-0.26113000000000003,-0.245385,-0.243556,0.222502,0.560512,g>c>a>f>d>b>e,2.0,5.0,1.0,4.0,6.0,3.0,0.0
-1.433093,1.7548810000000001,-0.5163270000000001,-0.6549010000000001,0.167812,-0.370585,0.300846,g>d>c>a>f>b>e,3.0,5.0,2.0,1.0,6.0,4.0,0.0
-0.9129010000000001,1.516824,-0.9756799999999999,-0.791407,0.044402,-0.441755,-0.32977199999999995,c>a>g>d>e>b>f,1.0,5.0,0.0,3.0,4.0,6.0,2.0
0.06443,1.516824,0.385366,0.710154,0.538043,0.269948,0.48632200000000003,g>e>f>c>a>d>b,4.0,6.0,3.0,5.0,1.0,2.0,0.0
-0.9391729999999999,1.992938,-0.278144,-0.040626999999999996,0.291222,0.115746,0.21738200000000002,g>d>e>b>f>a>c,5.0,3.0,6.0,1.0,2.0,4.0,0.0
-0.933919,2.151642,-0.371715,-0.245385,0.20894899999999997,0.068299,0.671798,g>a>b>d>c>e>f,1.0,2.0,4.0,3.0,5.0,6.0,0.0
-0.891883,1.7548810000000001,-0.405742,-0.723154,-0.613787,-0.228244,-0.264855,d>e>g>c>f>a>b,5.0,6.0,3.0,0.0,1.0,4.0,2.0
0.48478699999999997,2.151642,-0.720483,-0.791407,-0.120146,-0.394308,-0.413236,g>e>f>c>a>b>d,4.0,5.0,3.0,6.0,1.0,2.0,0.0
-0.492544,1.516824,-0.643925,-1.200923,-0.613787,0.412289,-0.15357,c>d>f>g>b>a>e,5.0,4.0,0.0,1.0,6.0,2.0,3.0
1.283466,0.08848400000000001,-0.073987,0.641901,0.0032649999999999997,-0.41803199999999996,-0.607985,g>d>f>b>c>a>e,5.0,3.0,4.0,1.0,6.0,2.0,0.0
0.579367,0.247189,-0.099506,0.778406,-0.531514,-0.489202,-0.561616,d>c>g>f>b>a>e,5.0,4.0,1.0,0.0,6.0,3.0,2.0
-0.18778499999999998,0.08848400000000001,-0.06548,-0.040626999999999996,-0.32583,-0.13335,0.28229899999999997,a>c>b>d>f>g>e,0.0,2.0,1.0,3.0,6.0,4.0,5.0
0.090702,-0.07022,0.028092000000000002,-0.17713199999999998,0.496906,0.127608,0.059727999999999996,g>c>a>d>b>f>e,2.0,4.0,1.0,3.0,6.0,5.0,0.0
1.257193,0.16783599999999999,-0.465287,0.09587899999999999,-0.20241900000000002,-0.429893,-0.876925,g>c>f>b>d>a>e,5.0,3.0,1.0,4.0,6.0,2.0,0.0
-0.692213,0.08848400000000001,0.461925,0.437143,0.0032649999999999997,0.685109,0.45850100000000005,g>d>c>f>e>a>b,5.0,6.0,2.0,1.0,4.0,3.0,0.0
1.204649,0.16783599999999999,0.18120999999999998,1.187923,-0.284693,-0.14521199999999998,-0.348319,d>c>a>f>b>g>e,2.0,4.0,1.0,0.0,6.0,3.0,5.0
2.287068,0.64395,1.550762,2.075209,1.278506,1.467983,0.616155,g>c>a>f>b>e>d,2.0,4.0,1.0,6.0,5.0,3.0,0.0
1.125832,-0.546334,0.334327,0.846659,-0.20241900000000002,-0.204521,-0.088653,f>a>c>g>b>d>e,1.0,4.0,2.0,5.0,6.0,0.0,3.0
0.915653,0.405893,-0.558859,-0.996165,0.291222,-0.168935,-0.5430689999999999,b>c>d>g>f>a>e,5.0,0.0,1.0,2.0,6.0,4.0,3.0
0.137992,0.08848400000000001,-0.763016,-0.518396,-0.860608,-0.67899,-0.403962,g>e>c>f>d>b>a,6.0,5.0,2.0,4.0,1.0,3.0,0.0
-0.376945,0.16783599999999999,0.615043,0.5053949999999999,0.826001,0.791864,0.133918,f>e>b>a>c>g>d,3.0,2.0,4.0,6.0,1.0,0.0,5.0
-0.261347,0.32654099999999997,0.666082,0.9149120000000001,0.867138,0.673247,0.226656,f>g>c>a>e>b>d,3.0,5.0,2.0,6.0,4.0,0.0,1.0
-0.166767,0.247189,-0.176065,0.5053949999999999,-0.408103,-0.204521,-0.05155800000000001,b>c>a>d>f>g>e,2.0,0.0,1.0,3.0,6.0,4.0,5.0
-0.13524,-0.308277,-0.21009099999999997,0.300637,-0.6960609999999999,-0.489202,-0.311224,f>g>b>d>c>a>e,5.0,2.0,4.0,3.0,6.0,0.0,1.0
-0.397963,0.32654099999999997,0.606536,0.983165,1.113959,0.317395,0.273025,g>d>f>c>a>b>e,4.0,5.0,3.0,1.0,6.0,2.0,0.0
-0.755267,-0.149573,-0.06548,-0.245385,0.661454,0.376704,0.560512,b>a>g>d>e>f>c,1.0,0.0,6.0,3.0,4.0,5.0,2.0
0.116974,-0.149573,-0.45678100000000005,-0.450143,-2.835175,-0.9162239999999999,-0.487426,d>g>f>c>e>a>b,5.0,6.0,3.0,0.0,4.0,2.0,1.0
-0.045913999999999996,-0.149573,0.7256279999999999,0.9149120000000001,0.25008600000000003,0.519045,0.9500120000000001,a>b>c>d>f>g>e,0.0,1.0,2.0,3.0,6.0,4.0,5.0
0.06968400000000001,0.564597,0.8277059999999999,1.1196700000000002,1.648737,1.088408,0.838726,e>g>f>d>a>c>b,4.0,6.0,5.0,3.0,0.0,2.0,1.0
0.19579100000000002,-0.149573,0.5129640000000001,1.460934,0.20894899999999997,1.100269,-0.357593,g>f>d>e>c>a>b,5.0,6.0,4.0,2.0,3.0,1.0,0.0
-0.29287399999999997,-0.387629,-0.354702,-0.245385,-1.559934,-0.358723,-0.023736,a>e>d>b>c>g>f,0.0,3.0,4.0,2.0,1.0,6.0,5.0
-0.093204,-0.149573,-0.278144,-0.450143,-0.32583,-0.5366489999999999,-0.181391,b>e>a>g>f>c>d,2.0,0.0,5.0,6.0,1.0,4.0,3.0
-1.054771,-0.149573,0.14718299999999998,-0.040626999999999996,-0.36696599999999996,0.851173,1.1540350000000001,b>c>a>e>d>f>g,2.0,0.0,1.0,4.0,3.0,5.0,6.0
-0.36643600000000004,0.16783599999999999,-0.022947,-0.040626999999999996,0.908275,-0.13335,0.226656,g>f>e>b>d>a>c,5.0,3.0,6.0,4.0,2.0,1.0,0.0
-0.27710999999999997,-0.228925,-0.541846,0.027625999999999998,-1.107429,-0.868777,-0.274129,b>a>c>e>f>d>g,1.0,0.0,2.0,5.0,3.0,4.0,6.0
-0.902392,0.247189,-0.125026,0.437143,0.0032649999999999997,-0.014733000000000001,-0.014463,b>e>c>a>f>d>g,3.0,0.0,2.0,5.0,1.0,4.0,6.0
0.269354,-0.387629,-0.7119770000000001,-0.245385,-0.6960609999999999,-0.453617,-0.552343,d>b>e>c>g>a>f,5.0,1.0,3.0,0.0,2.0,6.0,4.0
-0.140494,0.247189,-0.056974000000000004,0.710154,-0.49037700000000006,-0.572234,-0.23703400000000002,a>c>b>g>d>f>e,0.0,2.0,1.0,4.0,6.0,5.0,3.0
0.60564,0.485245,0.002572,0.5053949999999999,1.237369,-0.192659,-0.23703400000000002,g>f>e>d>c>a>b,5.0,6.0,4.0,3.0,2.0,1.0,0.0
-0.7973020000000001,-0.387629,0.410886,1.051417,0.126675,-0.643405,-0.014463,c>d>b>a>e>f>g,3.0,2.0,0.0,1.0,4.0,5.0,6.0
0.101211,-0.07022,0.29179499999999997,0.5736479999999999,0.0032649999999999997,0.115746,-0.46887799999999996,d>c>a>f>e>b>g,2.0,5.0,1.0,0.0,4.0,3.0,6.0
-1.039008,0.564597,0.938291,1.187923,1.155095,0.412289,0.616155,g>f>d>a>e>c>b,3.0,6.0,5.0,2.0,4.0,1.0,0.0
-0.744758,-0.07022,0.215236,0.36889,0.620317,-0.192659,0.514143,c>f>e>a>g>d>b,3.0,6.0,0.0,5.0,2.0,1.0,4.0
0.5058050000000001,-0.387629,-0.635418,-0.38189,-0.44924,-0.180797,-0.8583780000000001,e>b>c>d>f>a>g,5.0,1.0,2.0,3.0,0.0,4.0,6.0
0.353425,0.16783599999999999,-0.933147,-0.9279120000000001,-0.44924,-0.809469,-0.598712,b>e>f>d>a>g>c,4.0,0.0,6.0,3.0,1.0,2.0,5.0
0.6214029999999999,0.405893,-0.609899,-0.996165,-0.120146,-0.228244,-0.784187,e>f>d>b>g>a>c,5.0,3.0,6.0,2.0,0.0,1.0,4.0
0.16426500000000002,0.08848400000000001,-0.405742,-0.8596600000000001,-0.57265,0.020852000000000002,-0.24630700000000003,e>f>b>a>g>d>c,3.0,2.0,6.0,5.0,0.0,1.0,4.0
-0.960191,-0.228925,-0.048467,-0.38189,0.373496,-0.25196799999999997,-0.042283999999999995,f>e>b>a>d>c>g,3.0,2.0,5.0,4.0,1.0,0.0,6.0
0.180028,-0.149573,-0.9076270000000001,-0.6549010000000001,-0.20241900000000002,-0.584096,-1.349889,e>f>g>a>b>c>d,3.0,4.0,5.0,6.0,0.0,1.0,2.0
-0.21405700000000003,-0.387629,0.45341899999999996,0.846659,0.743727,0.364842,0.087549,f>b>e>c>a>g>d,4.0,1.0,3.0,6.0,2.0,0.0,5.0
0.48478699999999997,-0.228925,-0.465287,-0.10887899999999999,0.126675,-0.548511,-0.515247,e>a>b>f>d>g>c,1.0,2.0,6.0,4.0,0.0,3.0,5.0
0.101211,0.32654099999999997,-0.244117,0.36889,-1.0251549999999998,-0.358723,-0.22776,d>c>b>a>g>f>e,3.0,2.0,1.0,0.0,6.0,5.0,4.0
-0.439999,-0.387629,-0.26113000000000003,0.09587899999999999,-0.6960609999999999,-0.738298,-0.20921199999999998,b>c>d>a>f>e>g,3.0,0.0,1.0,2.0,5.0,4.0,6.0
-0.545088,0.16783599999999999,0.615043,0.846659,-0.07900900000000001,0.329257,0.671798,a>e>b>f>c>d>g,0.0,2.0,4.0,5.0,1.0,3.0,6.0
-0.828829,0.405893,-0.746003,-0.9279120000000001,-0.07900900000000001,-0.050318,-0.29267600000000005,e>f>b>g>a>c>d,4.0,2.0,5.0,6.0,0.0,1.0,3.0
-0.634414,-0.308277,-0.363209,-0.17713199999999998,-0.613787,-0.287553,-0.4967,e>f>d>g>a>b>c,4.0,5.0,6.0,2.0,0.0,1.0,3.0
-0.954936,-0.07022,0.24075500000000002,-0.10887899999999999,-0.07900900000000001,0.447874,0.792357,a>f>b>d>c>e>g,0.0,2.0,4.0,3.0,5.0,1.0,6.0
-0.34016399999999997,-0.46698199999999995,-0.41424799999999995,0.164132,-0.408103,-0.939948,-0.598712,e>b>f>d>a>c>g,4.0,1.0,5.0,3.0,0.0,2.0,6.0
-1.212405,-0.149573,0.30030100000000004,1.051417,-0.120146,-0.358723,0.560512,b>e>d>c>a>f>g,4.0,0.0,3.0,2.0,1.0,5.0,6.0
-0.39270900000000003,-0.387629,-0.363209,0.300637,-1.518797,-0.299414,-0.376141,c>e>a>b>d>f>g,2.0,3.0,0.0,4.0,1.0,5.0,6.0
-0.177276,0.32654099999999997,1.150955,1.3244280000000002,1.155095,0.459736,1.302416,c>b>a>e>d>f>g,2.0,1.0,0.0,4.0,3.0,5.0,6.0
-0.7027220000000001,-0.387629,-0.073987,0.232384,-0.243556,-0.263829,0.050454,c>a>b>f>e>d>g,1.0,2.0,0.0,5.0,4.0,3.0,6.0
0.080193,-0.387629,-0.193078,-0.17713199999999998,-0.613787,-0.157074,0.04118,b>f>a>e>c>g>d,2.0,0.0,4.0,6.0,3.0,1.0,5.0
-0.508307,0.564597,-0.405742,-0.6549010000000001,-0.20241900000000002,0.222502,-0.144296,a>e>g>b>d>f>c,0.0,3.0,6.0,4.0,1.0,5.0,2.0
1.152104,-1.7366169999999999,-0.6524310000000001,0.5736479999999999,-1.0251549999999998,-1.034842,-1.433353,g>d>e>b>f>a>c,5.0,3.0,6.0,1.0,2.0,4.0,0.0
1.04176,-1.7366169999999999,0.313911,2.006956,0.0032649999999999997,-0.5010640000000001,-0.672902,f>a>g>d>b>e>c,1.0,4.0,6.0,3.0,5.0,0.0,2.0
0.568858,-1.6572650000000002,-0.780029,0.164132,-0.942882,-0.9636709999999999,-0.9882110000000001,e>f>b>a>d>c>g,3.0,2.0,5.0,4.0,0.0,1.0,6.0
-0.030151,-1.6572650000000002,1.0063440000000001,0.710154,0.496906,0.139469,0.606881,b>c>a>e>d>f>g,2.0,0.0,1.0,4.0,3.0,5.0,6.0
-1.228169,-1.577913,0.938291,-0.10887899999999999,1.196232,1.195163,0.736714,b>c>d>a>f>e>g,3.0,0.0,1.0,2.0,5.0,4.0,6.0
1.667041,-1.577913,-1.19685,0.641901,-1.148566,-1.011118,-1.488995,d>a>c>g>b>f>e,1.0,4.0,2.0,0.0,6.0,5.0,3.0
-0.7342489999999999,-1.498561,1.499723,0.027625999999999998,1.072822,1.574738,1.3209629999999999,a>c>b>e>d>f>g,0.0,2.0,1.0,4.0,3.0,5.0,6.0
1.1573579999999999,-1.498561,-0.9076270000000001,-0.31363800000000003,-1.066292,-0.939948,-1.386984,f>e>g>b>a>c>d,4.0,3.0,5.0,6.0,1.0,0.0,2.0
-0.072186,-1.498561,2.137713,1.187923,1.566463,0.886758,0.959285,b>f>e>c>a>g>d,4.0,0.0,3.0,6.0,2.0,1.0,5.0
1.062778,-1.419208,-1.120291,0.5736479999999999,-1.601071,-1.461864,-1.832126,d>c>g>b>f>a>e,5.0,3.0,1.0,0.0,6.0,4.0,2.0
0.285117,-1.419208,-0.75451,-0.791407,-0.037872,-0.809469,-0.403962,d>f>g>c>b>e>a,6.0,4.0,3.0,0.0,5.0,1.0,2.0
-0.240329,-1.419208,0.7256279999999999,0.9149120000000001,0.085538,0.032714,0.699619,g>d>a>c>b>e>f,2.0,4.0,3.0,1.0,5.0,6.0,0.0
0.201046,-1.339856,-0.25262399999999996,1.392681,-0.9840180000000001,-1.034842,-0.83983,e>a>c>b>f>g>d,1.0,3.0,2.0,6.0,0.0,4.0,5.0
-1.412075,-1.339856,0.9127719999999999,-0.31363800000000003,0.20894899999999997,0.566492,1.1540350000000001,b>d>f>e>g>a>c,5.0,0.0,6.0,1.0,3.0,2.0,4.0
1.078541,-1.339856,0.12166400000000001,0.5736479999999999,-0.408103,-0.27569099999999996,-0.16284300000000002,d>g>a>b>c>e>f,2.0,3.0,4.0,0.0,5.0,6.0,1.0
0.779037,-1.181152,-1.443539,-0.38189,-0.860608,-1.43814,-1.479722,f>d>a>g>c>e>b,2.0,6.0,4.0,1.0,5.0,0.0,3.0
-0.41372700000000007,-1.101799,-0.056974000000000004,0.36889,-0.7371979999999999,0.032714,-0.014463,d>c>b>g>a>f>e,4.0,2.0,1.0,0.0,6.0,5.0,3.0
1.152104,-1.101799,-0.9416530000000001,0.5736479999999999,-1.230839,-0.809469,-1.0531270000000001,c>f>a>d>b>e>g,2.0,4.0,0.0,3.0,5.0,1.0,6.0
0.511059,-0.9430950000000001,0.581017,0.778406,0.20894899999999997,0.352981,0.28229899999999997,d>g>c>a>b>f>e,3.0,4.0,2.0,0.0,6.0,5.0,1.0
0.7054739999999999,-0.9430950000000001,0.18120999999999998,-0.38189,1.113959,-0.228244,-0.042283999999999995,g>f>b>a>e>d>c,3.0,2.0,6.0,5.0,4.0,1.0,0.0
0.463769,-0.863743,-1.3244479999999998,0.09587899999999999,-0.819471,-1.378832,-0.8491040000000001,f>c>e>b>a>d>g,4.0,3.0,1.0,5.0,2.0,0.0,6.0
-0.9759540000000001,-0.863743,1.355112,0.5053949999999999,0.620317,1.254472,1.246773,c>f>a>b>e>g>d,2.0,3.0,0.0,6.0,4.0,1.0,5.0
-0.035405,-0.784391,1.295566,0.983165,1.031685,0.791864,0.23593000000000003,f>d>e>g>c>b>a,6.0,5.0,4.0,1.0,2.0,0.0,3.0
-0.33491,-0.784391,-0.43126099999999995,-0.586649,0.20894899999999997,-0.204521,-0.199939,f>g>a>e>d>b>c,2.0,5.0,6.0,4.0,3.0,0.0,1.0
-0.161512,-0.784391,1.559269,0.5736479999999999,2.430336,0.8748969999999999,0.727441,f>g>e>c>a>d>b,4.0,6.0,3.0,5.0,2.0,0.0,1.0
-1.974303,-0.784391,1.6783599999999999,-0.17713199999999998,0.990548,1.669632,2.164878,b>a>f>e>c>g>d,1.0,0.0,4.0,6.0,3.0,2.0,5.0
0.285117,-0.784391,-0.21009099999999997,-0.17713199999999998,-0.16128199999999998,-0.204521,-0.16284300000000002,f>c>d>b>e>a>g,5.0,3.0,1.0,2.0,4.0,0.0,6.0
1.945528,-0.784391,-0.9076270000000001,-0.6549010000000001,-0.408103,-1.02298,-0.9882110000000001,g>d>e>f>b>c>a,6.0,4.0,5.0,1.0,2.0,3.0,0.0
2.2450330000000003,-0.784391,-1.80932,-1.269176,-1.642207,-1.189044,-1.628102,d>f>g>a>c>b>e,3.0,5.0,4.0,0.0,6.0,1.0,2.0
-0.18253,-0.784391,-0.056974000000000004,0.232384,0.167812,-0.038456,-0.20921199999999998,f>a>b>d>e>c>g,1.0,2.0,5.0,3.0,4.0,0.0,6.0
0.248336,-0.705038,-0.091,0.36889,0.291222,-0.311276,-0.20921199999999998,e>a>b>f>c>g>d,1.0,2.0,4.0,6.0,0.0,3.0,5.0
-0.744758,-0.705038,1.627321,0.437143,1.4430530000000001,1.717079,1.5064389999999999,a>g>b>c>e>d>f,0.0,2.0,3.0,5.0,4.0,6.0,1.0
1.08905,-0.625686,-1.14581,-0.245385,-0.819471,-0.47734,-1.220056,e>d>f>g>a>c>b,4.0,6.0,5.0,1.0,0.0,2.0,3.0
0.70022,-0.625686,-0.95016,-0.8596600000000001,-1.107429,-0.975533,-0.8676510000000001,b>c>e>a>d>f>g,3.0,0.0,1.0,4.0,2.0,5.0,6.0
-1.259695,-0.625686,2.1207,0.36889,1.689874,2.1796860000000002,1.645546,b>a>c>d>e>f>g,1.0,0.0,2.0,3.0,4.0,5.0,6.0
-0.41372700000000007,-0.546334,0.283288,-0.245385,0.0032649999999999997,0.222502,0.013359000000000001,b>d>e>f>c>a>g,5.0,0.0,4.0,1.0,2.0,3.0,6.0
0.248336,-0.46698199999999995,1.89953,1.187923,1.9778310000000001,1.029099,1.107666,e>b>f>c>g>d>a,6.0,1.0,3.0,5.0,0.0,2.0,4.0
-0.8866280000000001,-0.46698199999999995,1.372125,1.1196700000000002,0.826001,0.910482,1.11694,c>b>a>e>g>d>f,2.0,1.0,0.0,5.0,3.0,6.0,4.0
2.802006,-0.387629,-2.0560099999999997,-0.586649,-1.7244810000000002,-2.553143,-2.1474349999999998,e>d>g>f>a>c>b,4.0,6.0,5.0,1.0,0.0,3.0,2.0
0.889381,-0.387629,-1.1287969999999998,-0.791407,-1.0251549999999998,-0.6315430000000001,-0.830556,f>e>d>c>b>g>a,6.0,4.0,3.0,2.0,1.0,0.0,5.0
0.826327,-0.387629,-0.6694439999999999,-0.10887899999999999,-1.107429,-1.011118,-0.533795,c>d>b>a>e>g>f,3.0,2.0,0.0,1.0,4.0,6.0,5.0
0.16426500000000002,-0.387629,-0.28665,1.1196700000000002,-0.120146,-0.228244,-0.199939,c>f>d>g>e>a>b,5.0,6.0,0.0,2.0,4.0,1.0,3.0
1.251939,-0.387629,-0.388729,0.36889,0.57918,-1.343246,-0.821283,c>f>e>g>a>d>b,4.0,6.0,0.0,5.0,2.0,1.0,3.0
-0.539834,-0.308277,1.831478,1.1196700000000002,1.6076,1.9780369999999998,1.552808,g>e>b>f>a>c>d,4.0,2.0,5.0,6.0,1.0,3.0,0.0
-0.166767,-0.308277,1.074396,0.5053949999999999,0.20894899999999997,0.780003,0.588334,e>g>f>b>a>c>d,4.0,3.0,5.0,6.0,0.0,2.0,1.0
-0.18778499999999998,-0.308277,0.79368,0.641901,1.155095,0.9935139999999999,0.5048699999999999,f>e>c>d>b>g>a,6.0,4.0,2.0,3.0,1.0,0.0,5.0
-0.6396689999999999,-0.308277,0.206729,-0.518396,0.0032649999999999997,0.30553400000000003,0.8016310000000001,c>a>b>e>g>f>d,1.0,2.0,0.0,6.0,3.0,5.0,4.0
0.9051440000000001,-0.308277,-0.882108,-0.245385,-0.654924,-1.117874,-1.10877,g>f>d>e>c>b>a,6.0,5.0,4.0,2.0,3.0,1.0,0.0
-2.1844810000000003,-0.228925,2.222779,1.5974389999999998,1.566463,1.7052169999999998,1.960855,c>g>a>b>e>d>f,2.0,3.0,0.0,5.0,4.0,6.0,1.0
0.35868,-0.228925,0.49595100000000003,0.09587899999999999,1.113959,0.48346000000000006,0.143192,d>f>e>g>a>b>c,4.0,5.0,6.0,0.0,2.0,1.0,3.0
-0.665941,-0.228925,1.559269,1.256176,0.20894899999999997,0.696971,1.2189510000000001,c>d>a>b>f>e>g,2.0,3.0,0.0,1.0,5.0,4.0,6.0
-0.450508,-0.228925,-0.550353,0.710154,-1.066292,-1.02298,-0.64508,b>c>e>d>a>f>g,4.0,0.0,1.0,3.0,2.0,5.0,6.0
-0.760521,-0.228925,0.036598,-0.518396,0.20894899999999997,0.09202300000000001,0.375037,g>d>f>b>e>a>c,5.0,3.0,6.0,1.0,4.0,2.0,0.0
-0.355927,-0.228925,-0.771523,-0.31363800000000003,-1.0251549999999998,-0.358723,-0.607985,d>c>b>e>a>f>g,4.0,2.0,1.0,0.0,3.0,5.0,6.0
0.143247,-0.228925,-0.371715,0.36889,-0.613787,-1.0467030000000002,-0.264855,b>a>c>f>d>e>g,1.0,0.0,2.0,4.0,5.0,3.0,6.0
1.498899,-0.228925,-0.397235,0.710154,-0.16128199999999998,-0.809469,-1.349889,f>c>g>a>d>b>e,3.0,5.0,1.0,4.0,6.0,0.0,2.0
-0.492544,-0.149573,-0.278144,-0.723154,-0.243556,0.341119,-0.264855,g>d>e>c>f>b>a,6.0,5.0,3.0,1.0,2.0,4.0,0.0
0.805309,-0.149573,-0.022947,0.027625999999999998,-0.07900900000000001,0.222502,-0.311224,d>g>c>b>a>f>e,4.0,3.0,2.0,0.0,6.0,5.0,1.0
-0.376945,-0.149573,-0.984186,-0.245385,-1.148566,-1.153459,-0.635807,a>d>b>g>e>f>c,0.0,2.0,6.0,1.0,4.0,5.0,3.0
-1.1335879999999998,-0.149573,0.7341340000000001,0.36889,-0.037872,0.756279,0.977833,b>a>g>d>f>e>c,1.0,0.0,6.0,3.0,5.0,4.0,2.0
1.567207,-0.07022,0.172703,1.051417,-0.037872,-0.0028710000000000003,-0.320498,d>a>f>b>e>g>c,1.0,3.0,6.0,0.0,4.0,2.0,5.0
-1.821923,-0.07022,1.499723,-0.10887899999999999,1.196232,2.464368,1.979402,f>a>e>b>c>d>g,1.0,3.0,4.0,5.0,2.0,0.0,6.0
0.285117,-0.07022,1.01485,0.778406,1.6076,0.566492,0.347215,e>g>b>d>c>a>f,5.0,2.0,4.0,3.0,0.0,6.0,1.0
-1.60649,-0.07022,-0.43976800000000005,-1.269176,0.45577,-0.026595,0.124644,f>e>a>b>c>g>d,2.0,3.0,4.0,6.0,1.0,0.0,5.0
-1.585472,0.16783599999999999,0.546991,0.641901,0.908275,0.222502,0.810905,e>f>c>a>b>g>d,3.0,4.0,2.0,6.0,0.0,1.0,5.0
1.131086,0.16783599999999999,-0.626912,0.027625999999999998,-0.819471,-0.12148900000000001,-0.8027350000000001,e>d>g>f>c>a>b,5.0,6.0,4.0,1.0,0.0,3.0,2.0
0.978707,0.16783599999999999,-0.6524310000000001,0.164132,-1.436523,-0.939948,-0.756366,c>d>b>g>a>e>f,4.0,2.0,0.0,1.0,5.0,6.0,3.0
1.435845,0.32654099999999997,-1.3074350000000001,-0.586649,-0.901745,-1.141597,-1.220056,f>e>d>g>c>a>b,5.0,6.0,4.0,2.0,1.0,0.0,3.0
-0.960191,0.32654099999999997,1.270046,1.187923,0.908275,1.752664,1.061297,e>a>f>b>g>c>d,1.0,3.0,5.0,6.0,0.0,2.0,4.0
-0.066932,0.32654099999999997,-0.363209,0.437143,0.126675,-0.299414,-0.264855,g>c>d>a>f>b>e,3.0,5.0,1.0,2.0,6.0,4.0,0.0
0.027648000000000002,0.405893,0.538484,0.164132,0.414633,0.341119,0.46777399999999997,d>c>g>f>a>e>b,4.0,6.0,1.0,0.0,5.0,3.0,2.0
-0.066932,0.405893,-0.21009099999999997,0.778406,-0.243556,-0.25196799999999997,-0.45960500000000004,c>g>b>a>d>f>e,3.0,2.0,0.0,4.0,6.0,5.0,1.0
-3.182829,0.485245,1.363618,-1.678693,1.3196430000000001,2.250857,2.739853,a>e>b>d>f>g>c,0.0,2.0,6.0,3.0,1.0,4.0,5.0
0.642421,0.485245,-1.009706,-0.10887899999999999,-1.313113,-0.951809,-1.062401,e>g>a>c>d>b>f,2.0,5.0,3.0,4.0,0.0,6.0,1.0
1.3833,0.485245,-0.831068,-0.040626999999999996,-0.44924,-0.892501,-1.025306,g>c>d>a>b>f>e,3.0,4.0,1.0,2.0,6.0,5.0,0.0
-0.6449229999999999,0.564597,0.691602,0.437143,0.57918,0.708832,0.690345,e>g>f>b>a>c>d,4.0,3.0,5.0,6.0,0.0,2.0,1.0
0.474278,0.64395,-0.831068,-0.245385,-0.16128199999999998,-0.8213299999999999,-0.357593,d>a>c>b>g>e>f,1.0,3.0,2.0,0.0,5.0,6.0,4.0
0.789546,0.723302,-0.8736010000000001,0.09587899999999999,0.20894899999999997,-0.21638200000000002,-0.070105,g>f>d>c>e>b>a,6.0,5.0,3.0,2.0,4.0,1.0,0.0
-0.823575,0.723302,1.7379060000000002,0.5736479999999999,1.8544209999999999,2.2627189999999997,1.6548200000000002,d>e>c>f>g>b>a,6.0,5.0,2.0,0.0,1.0,3.0,4.0
0.8946350000000001,0.723302,-0.584379,-0.723154,-0.243556,-0.785745,-0.45960500000000004,c>d>b>g>a>f>e,4.0,2.0,0.0,1.0,6.0,5.0,3.0
1.672296,0.802654,-1.247889,-0.791407,-1.148566,-0.9636709999999999,-0.904747,d>f>e>b>a>g>c,4.0,3.0,6.0,0.0,2.0,1.0,5.0
0.968198,0.802654,0.028092000000000002,-0.38189,1.278506,0.720694,0.254477,f>g>e>a>b>c>d,3.0,4.0,5.0,6.0,2.0,0.0,1.0
0.773782,0.802654,-1.7838009999999997,-0.9279120000000001,-1.889028,-1.426279,-1.3313409999999999,b>a>d>e>c>g>f,1.0,0.0,4.0,2.0,3.0,6.0,5.0
0.495296,0.802654,-0.320676,-0.518396,-0.32583,0.10388399999999999,-0.135022,g>e>f>c>d>a>b,5.0,6.0,3.0,4.0,1.0,2.0,0.0
-0.7237399999999999,0.802654,0.666082,1.1196700000000002,0.126675,0.530906,0.38431,c>a>b>f>e>g>d,1.0,2.0,0.0,6.0,4.0,3.0,5.0
0.47953199999999996,0.882006,-0.150545,-0.17713199999999998,0.044402,0.376704,-0.29267600000000005,e>f>g>b>a>d>c,4.0,3.0,6.0,5.0,0.0,1.0,2.0
0.237827,0.882006,-0.380222,-0.450143,-0.243556,-0.263829,0.04118,g>f>c>d>e>a>b,5.0,6.0,2.0,3.0,4.0,1.0,0.0
0.9944700000000001,0.961359,-1.060745,-1.200923,-1.148566,-0.14521199999999998,-0.57089,e>f>d>b>a>g>c,4.0,3.0,6.0,2.0,0.0,1.0,5.0
0.33766199999999996,0.961359,0.113157,0.437143,0.57918,0.30553400000000003,0.38431,g>f>a>c>b>e>d,2.0,4.0,3.0,6.0,5.0,1.0,0.0
0.42173299999999997,1.0407110000000002,-0.11651900000000001,0.36889,0.0032649999999999997,-0.074042,-0.413236,f>d>c>g>a>b>e,4.0,5.0,2.0,1.0,6.0,0.0,3.0
-0.902392,1.0407110000000002,-0.584379,-0.791407,-1.189702,-0.702713,0.21738200000000002,a>b>g>c>d>f>e,0.0,1.0,3.0,4.0,6.0,5.0,2.0
-0.802557,1.199415,-0.720483,-0.723154,0.990548,-0.429893,0.06900099999999999,g>f>e>a>b>c>d,3.0,4.0,5.0,6.0,2.0,1.0,0.0
0.038156999999999996,1.35812,-0.346196,-0.723154,0.126675,0.459736,0.28229899999999997,g>d>c>e>a>b>f,4.0,5.0,2.0,1.0,3.0,6.0,0.0
-0.692213,1.35812,0.427899,0.5736479999999999,1.072822,0.376704,0.523417,g>c>a>e>b>d>f,2.0,4.0,1.0,5.0,3.0,6.0,0.0
-0.9654450000000001,1.4374719999999999,1.368722,-0.17713199999999998,0.908275,1.989899,1.970129,a>c>e>b>f>g>d,0.0,3.0,1.0,6.0,2.0,4.0,5.0
0.784291,1.516824,-0.805549,-0.17713199999999998,-0.037872,-0.595958,-0.904747,b>c>f>g>d>a>e,5.0,0.0,1.0,4.0,6.0,2.0,3.0
-1.259695,1.596176,0.36835300000000004,-1.200923,1.155095,0.661385,0.736714,e>g>f>d>a>b>c,4.0,5.0,6.0,3.0,0.0,2.0,1.0
0.227318,1.596176,-1.749775,-1.200923,-1.35425,-0.9280860000000001,-1.192234,e>b>a>d>g>f>c,2.0,1.0,6.0,3.0,0.0,5.0,4.0
-1.832432,1.596176,1.550762,-0.518396,0.332359,2.2271330000000003,2.359628,a>c>g>e>f>b>d,0.0,5.0,1.0,6.0,3.0,4.0,2.0
-1.322749,1.675529,1.8825169999999998,0.5053949999999999,1.401916,2.238995,1.524987,c>g>a>e>f>d>b,2.0,6.0,0.0,5.0,3.0,4.0,1.0
-1.574963,1.7548810000000001,1.6613470000000001,0.710154,1.3607790000000002,1.776388,1.9330330000000002,c>a>g>d>b>e>f,1.0,4.0,0.0,3.0,5.0,6.0,2.0
-1.165115,1.7548810000000001,0.700108,-0.450143,1.113959,2.072931,1.256047,d>f>g>a>c>e>b,3.0,6.0,4.0,0.0,5.0,1.0,2.0
0.448006,1.8342330000000002,-0.797042,-0.245385,-0.6960609999999999,-0.40617,-0.76564,g>d>c>f>a>b>e,4.0,5.0,2.0,1.0,6.0,3.0,0.0
-1.301731,1.9135849999999999,1.244527,0.09587899999999999,1.155095,1.527292,1.395154,c>f>e>a>b>g>d,3.0,4.0,0.0,6.0,2.0,1.0,5.0
0.9471799999999999,1.992938,-1.520098,-0.8596600000000001,-1.271976,-1.378832,-0.830556,g>d>f>a>c>b>e,3.0,5.0,4.0,1.0,6.0,2.0,0.0
-1.6800529999999998,2.151642,0.7511479999999999,-0.10887899999999999,1.196232,0.910482,1.1540350000000001,g>e>c>a>d>b>f,3.0,5.0,2.0,4.0,1.0,6.0,0.0
-1.196642,2.151642,0.266275,-1.132671,0.373496,1.218887,1.756831,a>b>g>e>c>f>d,0.0,1.0,4.0,6.0,3.0,5.0,2.0
-0.823575,2.151642,0.402379,0.09587899999999999,0.373496,0.886758,0.810905,g>c>f>d>a>e>b,4.0,6.0,1.0,3.0,5.0,2.0,0.0
-1.496146,2.310347,0.972318,-0.040626999999999996,1.155095,1.373089,1.478618,g>c>a>d>f>e>b,2.0,6.0,1.0,3.0,5.0,4.0,0.0
