A1,A2,A3,A4,A5,A6,ranking,a,b,c,d,e,f
-0.419367,0.284548,-1.2866360000000001,-0.272329268,-0.144075,0.413263,f>b>a>d>c>e,2.0,1.0,4.0,3.0,5.0,0.0
-0.41692700000000005,-0.48723999999999995,-0.5927939999999999,-0.272329268,-0.73953,0.194082,b>f>a>e>c>d,2.0,0.0,4.0,5.0,3.0,1.0
-0.416929,-0.48723999999999995,-0.5927939999999999,-0.272329268,-0.73953,1.2814459999999999,b>f>a>e>c>d,2.0,0.0,4.0,5.0,3.0,1.0
-0.416338,-0.48723999999999995,-1.3055860000000001,-0.272329268,-0.834458,1.015298,b>f>e>c>a>d,4.0,0.0,3.0,5.0,2.0,1.0
-0.412074,-0.48723999999999995,-1.3055860000000001,-0.272329268,-0.834458,1.227362,b>f>e>a>c>d,3.0,0.0,4.0,5.0,2.0,1.0
-0.41663100000000003,-0.48723999999999995,-1.3055860000000001,-0.272329268,-0.834458,0.20689200000000002,b>f>e>a>c>d,3.0,0.0,4.0,5.0,2.0,1.0
-0.409837,0.048724,-0.476182,-0.272329268,-0.264892,-0.388027,b>f>a>c>d>e,2.0,0.0,3.0,4.0,5.0,1.0
-0.40329699999999996,0.048724,-0.476182,-0.272329268,-0.264892,-0.160307,b>a>f>c>d>e,1.0,0.0,3.0,4.0,5.0,2.0
-0.395543,0.048724,-0.476182,-0.272329268,-0.264892,-0.930285,a>b>f>c>d>e,0.0,1.0,3.0,4.0,5.0,2.0
-0.400333,0.048724,-0.476182,-0.272329268,-0.264892,-0.399413,b>a>f>c>d>e,1.0,0.0,3.0,4.0,5.0,2.0
-0.393956,0.048724,-0.476182,-0.272329268,-0.264892,0.131459,b>a>f>c>d>e,1.0,0.0,3.0,4.0,5.0,2.0
-0.406445,0.048724,-0.476182,-0.272329268,-0.264892,-0.392297,b>a>f>c>d>e,1.0,0.0,3.0,4.0,5.0,2.0
-0.409199,0.048724,-0.476182,-0.272329268,-0.264892,-0.563087,b>f>c>d>a>e,4.0,0.0,2.0,3.0,5.0,1.0
-0.346887,-0.48723999999999995,-0.43682600000000005,-0.272329268,-0.144075,-0.477692,e>f>b>a>d>c,3.0,2.0,5.0,4.0,0.0,1.0
-0.345934,-0.48723999999999995,-0.43682600000000005,-0.272329268,-0.144075,-0.268474,e>a>b>f>d>c,1.0,2.0,5.0,4.0,0.0,3.0
-0.34716199999999997,-0.48723999999999995,-0.43682600000000005,-0.272329268,-0.144075,-0.641365,e>f>b>a>d>c,3.0,2.0,5.0,4.0,0.0,1.0
-0.297574,-0.48723999999999995,-0.43682600000000005,-0.272329268,-0.144075,-0.49761700000000003,e>b>f>d>c>a,5.0,1.0,4.0,3.0,0.0,2.0
-0.328932,-0.48723999999999995,-0.43682600000000005,-0.272329268,-0.144075,-0.419338,e>a>f>b>d>c,1.0,3.0,5.0,4.0,0.0,2.0
-0.32678,-0.48723999999999995,-0.43682600000000005,-0.272329268,-0.144075,-1.179354,e>b>d>c>f>a,5.0,1.0,3.0,2.0,0.0,4.0
-0.335721,-0.48723999999999995,-0.43682600000000005,-0.272329268,-0.144075,-0.7936529999999999,e>f>a>b>d>c,2.0,3.0,5.0,4.0,0.0,1.0
-0.274571,-0.48723999999999995,-0.43682600000000005,-0.272329268,-0.144075,-1.017104,e>a>f>b>d>c,1.0,3.0,5.0,4.0,0.0,2.0
-0.32104499999999997,-0.48723999999999995,-0.43682600000000005,-0.272329268,-0.144075,-0.45492,e>a>f>b>d>c,1.0,3.0,5.0,4.0,0.0,2.0
-0.276817,-0.48723999999999995,-0.43682600000000005,-0.272329268,-0.144075,-0.203004,e>a>f>b>d>c,1.0,3.0,5.0,4.0,0.0,2.0
-0.305189,-0.48723999999999995,-0.43682600000000005,-0.272329268,-0.144075,-0.671254,e>a>f>b>d>c,1.0,3.0,5.0,4.0,0.0,2.0
-0.332878,-0.48723999999999995,-0.43682600000000005,-0.272329268,-0.144075,-0.513273,e>a>f>b>d>c,1.0,3.0,5.0,4.0,0.0,2.0
-0.322382,-0.48723999999999995,-0.43682600000000005,-0.272329268,-0.144075,-0.9758290000000001,e>a>b>f>d>c,1.0,2.0,5.0,4.0,0.0,3.0
-0.341987,-0.48723999999999995,-0.43682600000000005,-0.272329268,-0.144075,-0.671254,e>a>b>f>d>c,1.0,2.0,5.0,4.0,0.0,3.0
-0.30898600000000004,-0.48723999999999995,-0.43682600000000005,-0.272329268,-0.144075,-0.338213,e>a>b>f>d>c,1.0,2.0,5.0,4.0,0.0,3.0
-0.330235,-0.48723999999999995,-0.43682600000000005,-0.272329268,-0.144075,0.29940300000000003,e>a>f>b>d>c,1.0,3.0,5.0,4.0,0.0,2.0
-0.303559,-0.48723999999999995,-0.43682600000000005,-0.272329268,-0.144075,0.554165,e>a>f>b>d>c,1.0,3.0,5.0,4.0,0.0,2.0
-0.288636,-0.48723999999999995,-0.43682600000000005,-0.272329268,-0.144075,-0.8135789999999999,e>a>b>f>d>c,1.0,2.0,5.0,4.0,0.0,3.0
-0.262604,-0.48723999999999995,-0.43682600000000005,-0.272329268,-0.144075,-0.302632,e>a>f>b>d>c,1.0,3.0,5.0,4.0,0.0,2.0
-0.258736,-0.48723999999999995,-0.43682600000000005,-0.272329268,-0.144075,-0.476268,e>a>b>d>c>f,1.0,2.0,4.0,3.0,0.0,5.0
-0.28620500000000004,-0.48723999999999995,-0.43682600000000005,-0.272329268,-0.144075,-0.830658,e>a>f>b>d>c,1.0,3.0,5.0,4.0,0.0,2.0
-0.232598,-0.48723999999999995,-0.43682600000000005,-0.272329268,-0.144075,-0.268474,e>a>b>d>c>f,1.0,2.0,4.0,3.0,0.0,5.0
-0.412641,-0.48723999999999995,-0.754594,-0.272329268,-0.480637,-0.500464,f>e>a>b>c>d,2.0,3.0,4.0,5.0,1.0,0.0
-0.408773,-0.48723999999999995,-0.754594,-0.272329268,-0.480637,-0.6314029999999999,e>f>b>a>c>d,3.0,2.0,4.0,5.0,0.0,1.0
-0.410785,-0.48723999999999995,-0.754594,-0.272329268,-0.480637,-0.6185930000000001,f>e>b>c>d>a,5.0,2.0,3.0,4.0,1.0,0.0
-0.399751,-0.48723999999999995,-0.754594,-0.272329268,-0.480637,-0.453496,f>e>b>c>d>a,5.0,2.0,3.0,4.0,1.0,0.0
-0.416889,2.728545,-1.193347,-0.272329268,-1.093352,0.44172799999999995,b>f>e>c>d>a,5.0,0.0,3.0,4.0,2.0,1.0
-0.41619700000000004,2.728545,-1.193347,-0.272329268,-1.093352,1.052302,b>f>e>c>d>a,5.0,0.0,3.0,4.0,2.0,1.0
-0.40528600000000004,-0.48723999999999995,-0.616117,-0.272329268,-0.9207559999999999,0.690797,b>f>e>c>d>a,5.0,0.0,3.0,4.0,2.0,1.0
-0.40365100000000004,-0.48723999999999995,-0.616117,-0.272329268,-0.9207559999999999,-0.164577,b>f>e>c>d>a,5.0,0.0,3.0,4.0,2.0,1.0
-0.401575,-0.48723999999999995,-0.616117,-0.272329268,-0.9207559999999999,-0.1048,b>f>e>c>d>a,5.0,0.0,3.0,4.0,2.0,1.0
-0.40583800000000003,-0.48723999999999995,-0.616117,-0.272329268,-0.9207559999999999,-0.306902,b>f>e>c>a>d,4.0,0.0,3.0,5.0,2.0,1.0
-0.400173,-0.48723999999999995,-0.616117,-0.272329268,-0.9207559999999999,-0.8577,b>f>e>c>d>a,5.0,0.0,3.0,4.0,2.0,1.0
-0.39820300000000003,-0.48723999999999995,-0.616117,-0.272329268,-0.9207559999999999,-0.709681,b>f>e>c>d>a,5.0,0.0,3.0,4.0,2.0,1.0
-0.393447,-0.48723999999999995,-0.616117,-0.272329268,-0.9207559999999999,-0.362408,b>a>f>e>c>d,1.0,0.0,4.0,5.0,3.0,2.0
-0.39058699999999996,-0.48723999999999995,-0.616117,-0.272329268,-0.9207559999999999,-1.2604790000000001,b>a>f>e>c>d,1.0,0.0,4.0,5.0,3.0,2.0
-0.394552,-0.48723999999999995,-0.616117,-0.272329268,-0.9207559999999999,-0.9715600000000001,b>f>a>e>c>d,2.0,0.0,4.0,5.0,3.0,1.0
-0.409786,0.41318,-0.801238,-0.272329268,-0.998424,-0.457766,b>f>c>e>a>d,4.0,0.0,2.0,5.0,3.0,1.0
-0.41506000000000004,0.41318,-0.801238,-0.272329268,-0.998424,-0.241432,b>f>a>c>e>d,2.0,0.0,3.0,5.0,4.0,1.0
-0.41386999999999996,0.41318,-0.801238,-0.272329268,-0.998424,0.322175,b>f>c>e>d>a,5.0,0.0,2.0,4.0,3.0,1.0
-0.414311,0.41318,-0.801238,-0.272329268,-0.998424,-0.407952,b>f>c>e>d>a,5.0,0.0,2.0,4.0,3.0,1.0
-0.418521,2.728545,-1.0402930000000001,-0.272329268,-1.248688,-0.5645100000000001,b>e>f>d>a>c,4.0,0.0,5.0,3.0,1.0,2.0
-0.41857799999999995,3.3717019999999995,-1.4455200000000001,-0.272329268,-1.3090959999999998,1.372534,b>f>e>c>d>a,5.0,0.0,3.0,4.0,2.0,1.0
-0.417713,3.157316,-1.515487,-0.272329268,-1.248688,0.139999,b>f>e>d>c>a,5.0,0.0,4.0,3.0,2.0,1.0
-0.418437,3.800473,-1.430944,-0.272329268,-1.2400579999999999,0.756266,b>f>c>d>a>e,4.0,0.0,2.0,3.0,5.0,1.0
-0.402146,0.584688,-0.8755790000000001,-0.272329268,-0.877607,-0.198735,b>e>f>c>d>a,5.0,0.0,3.0,4.0,1.0,2.0
-0.408095,0.584688,-0.8755790000000001,-0.272329268,-0.877607,-0.509003,b>e>f>c>d>a,5.0,0.0,3.0,4.0,1.0,2.0
-0.402742,0.584688,-0.8755790000000001,-0.272329268,-0.877607,-0.773728,b>e>f>a>c>d,3.0,0.0,4.0,5.0,1.0,2.0
-0.40013899999999997,0.584688,-0.8755790000000001,-0.272329268,-0.877607,-0.453496,b>a>e>f>c>d,1.0,0.0,4.0,5.0,2.0,3.0
-0.40728200000000003,0.584688,-0.8755790000000001,-0.272329268,-0.877607,0.243896,b>e>f>a>c>d,3.0,0.0,4.0,5.0,1.0,2.0
-0.405395,0.584688,-0.8755790000000001,-0.272329268,-0.877607,0.679411,b>e>f>c>d>a,5.0,0.0,3.0,4.0,1.0,2.0
-0.417833,0.26311,-1.4221979999999999,-0.272329268,-1.196046,1.1661620000000001,b>f>e>a>c>d,3.0,0.0,4.0,5.0,2.0,1.0
-0.41593500000000005,2.942931,-1.132125,-0.272329268,-1.3522450000000001,0.0076370000000000006,b>f>d>c>e>a,5.0,0.0,3.0,2.0,4.0,1.0
-0.41501099999999996,2.942931,-1.132125,-0.272329268,-1.3522450000000001,-0.7082579999999999,b>f>d>c>e>a,5.0,0.0,3.0,2.0,4.0,1.0
-0.413371,0.048724,-0.738559,-0.272329268,-1.257318,-0.578742,b>f>e>d>c>a,5.0,0.0,4.0,3.0,2.0,1.0
-0.404344,0.048724,-0.738559,-0.272329268,-1.257318,-0.9829459999999999,b>f>e>d>c>a,5.0,0.0,4.0,3.0,2.0,1.0
-0.405202,0.048724,-0.738559,-0.272329268,-1.257318,-0.5687800000000001,b>f>e>d>c>a,5.0,0.0,4.0,3.0,2.0,1.0
-0.409841,-0.48723999999999995,-0.047633,-0.272329268,-1.222799,0.188389,b>e>f>d>c>a,5.0,0.0,4.0,3.0,1.0,2.0
-0.401645,-0.48723999999999995,-0.047633,-0.272329268,-1.222799,-0.460613,b>e>f>d>c>a,5.0,0.0,4.0,3.0,1.0,2.0
-0.409448,-0.48723999999999995,-0.047633,-0.272329268,-1.222799,-0.31259499999999996,b>f>e>d>c>a,5.0,0.0,4.0,3.0,2.0,1.0
-0.397386,-0.48723999999999995,-0.047633,-0.272329268,-1.222799,-0.05641,b>e>f>d>c>a,5.0,0.0,4.0,3.0,1.0,2.0
-0.410922,-0.48723999999999995,0.246813,-0.272329268,-1.015684,-0.016559,f>b>e>d>c>a,5.0,1.0,4.0,3.0,2.0,0.0
-0.409043,-0.48723999999999995,0.246813,-0.272329268,-1.015684,0.0019440000000000002,b>f>e>d>c>a,5.0,0.0,4.0,3.0,2.0,1.0
-0.408298,-0.48723999999999995,0.246813,-0.272329268,-1.015684,-0.008019,a>f>b>e>d>c,0.0,2.0,5.0,4.0,3.0,1.0
-0.409979,-0.48723999999999995,0.246813,-0.272329268,-1.015684,-0.20585100000000003,f>b>e>d>c>a,5.0,1.0,4.0,3.0,2.0,0.0
-0.413538,-0.48723999999999995,0.246813,-0.272329268,-1.015684,-0.074912,b>f>e>d>c>a,5.0,0.0,4.0,3.0,2.0,1.0
-0.410351,-0.48723999999999995,0.246813,-0.272329268,-1.015684,-0.584435,f>b>e>d>c>a,5.0,1.0,4.0,3.0,2.0,0.0
-0.41531999999999997,0.584688,-0.914935,-0.272329268,-1.110611,0.6295970000000001,b>f>e>c>d>a,5.0,0.0,3.0,4.0,2.0,1.0
-0.414914,0.584688,-0.914935,-0.272329268,-1.110611,0.475886,b>f>e>a>c>d,3.0,0.0,4.0,5.0,2.0,1.0
-0.41584799999999994,0.584688,-0.914935,-0.272329268,-1.110611,0.024716,b>f>e>c>d>a,5.0,0.0,3.0,4.0,2.0,1.0
-0.415973,0.584688,-0.914935,-0.272329268,-1.110611,-0.167423,b>f>e>c>d>a,5.0,0.0,3.0,4.0,2.0,1.0
-0.41422,-0.48723999999999995,-0.9688680000000001,-0.272329268,-0.912126,0.148538,b>f>e>a>c>d,3.0,0.0,4.0,5.0,2.0,1.0
-0.413434,-0.48723999999999995,-0.9688680000000001,-0.272329268,-0.912126,0.49154200000000003,f>b>e>a>c>d,3.0,1.0,4.0,5.0,2.0,0.0
-0.41407,-0.48723999999999995,-0.9688680000000001,-0.272329268,-0.912126,-0.383757,f>b>e>c>a>d,4.0,1.0,3.0,5.0,2.0,0.0
-0.411788,-0.48723999999999995,-0.9688680000000001,-0.272329268,-0.912126,-0.232893,f>e>b>a>c>d,3.0,2.0,4.0,5.0,1.0,0.0
-0.413521,-0.48723999999999995,-1.126295,-0.272329268,-0.5669350000000001,1.0281069999999999,a>f>b>e>d>c,0.0,2.0,5.0,4.0,3.0,1.0
-0.41393800000000003,-0.48723999999999995,-1.126295,-0.272329268,-0.5669350000000001,1.130581,f>b>a>e>d>c,2.0,1.0,5.0,4.0,3.0,0.0
-0.414656,-0.48723999999999995,-1.126295,-0.272329268,-0.5669350000000001,0.188389,f>a>e>b>d>c,1.0,3.0,5.0,4.0,2.0,0.0
-0.41553,-0.48723999999999995,-1.126295,-0.272329268,-0.5669350000000001,0.17131,f>a>e>b>d>c,1.0,3.0,5.0,4.0,2.0,0.0
-0.41521499999999995,0.71332,0.5689529999999999,-0.272329268,-0.782679,0.223971,f>b>e>a>c>d,3.0,1.0,4.0,5.0,2.0,0.0
-0.416759,0.71332,0.5689529999999999,-0.272329268,-0.782679,-0.1048,f>b>e>c>d>a,5.0,1.0,3.0,4.0,2.0,0.0
-0.41511000000000003,0.71332,0.5689529999999999,-0.272329268,-0.782679,-0.050717,f>a>b>e>c>d,1.0,2.0,4.0,5.0,3.0,0.0
-0.405914,-0.48723999999999995,-1.202092,-0.272329268,-0.9466450000000001,0.484425,f>b>e>a>d>c,3.0,1.0,5.0,4.0,2.0,0.0
-0.406727,-0.48723999999999995,-1.202092,-0.272329268,-0.9466450000000001,-0.17311600000000002,f>a>b>e>d>c,1.0,2.0,5.0,4.0,3.0,0.0
-0.40605399999999997,-0.48723999999999995,-1.202092,-0.272329268,-0.9466450000000001,2.539599,f>a>b>e>d>c,1.0,2.0,5.0,4.0,3.0,0.0
-0.410584,-0.48723999999999995,-1.202092,-0.272329268,-0.9466450000000001,2.185209,f>b>e>d>c>a,5.0,1.0,4.0,3.0,2.0,0.0
-0.41212600000000005,-0.48723999999999995,-1.202092,-0.272329268,-0.9466450000000001,1.610216,f>b>e>a>d>c,3.0,1.0,5.0,4.0,2.0,0.0
-0.402819,-0.48723999999999995,-0.375604,-0.272329268,-0.29941100000000004,0.6295970000000001,e>f>a>d>b>c,2.0,4.0,5.0,3.0,0.0,1.0
-0.40681100000000003,-0.48723999999999995,-0.375604,-0.272329268,-0.29941100000000004,0.7064520000000001,e>f>a>d>b>c,2.0,4.0,5.0,3.0,0.0,1.0
-0.39350599999999997,-0.48723999999999995,-0.375604,-0.272329268,-0.29941100000000004,0.17131,e>a>d>b>c>f,1.0,3.0,4.0,2.0,0.0,5.0
-0.3955,-0.48723999999999995,-0.375604,-0.272329268,-0.29941100000000004,-0.210121,e>a>f>d>b>c,1.0,4.0,5.0,3.0,0.0,2.0
-0.40387199999999995,-0.48723999999999995,-0.375604,-0.272329268,-0.29941100000000004,-0.167423,e>a>f>d>c>b,1.0,5.0,4.0,3.0,0.0,2.0
-0.404684,-0.48723999999999995,-0.375604,-0.272329268,-0.29941100000000004,-0.61717,e>a>f>d>c>b,1.0,5.0,4.0,3.0,0.0,2.0
-0.400198,-0.48723999999999995,-0.375604,-0.272329268,-0.29941100000000004,-0.638519,e>a>f>d>c>b,1.0,5.0,4.0,3.0,0.0,2.0
-0.404852,-0.48723999999999995,-0.375604,-0.272329268,-0.29941100000000004,-0.22435300000000002,e>a>f>d>c>b,1.0,5.0,4.0,3.0,0.0,2.0
-0.40521799999999997,-0.48723999999999995,-0.375604,-0.272329268,-0.29941100000000004,0.269515,e>a>f>d>c>b,1.0,5.0,4.0,3.0,0.0,2.0
-0.389453,-0.48723999999999995,-0.375604,-0.272329268,-0.29941100000000004,-0.079182,e>a>f>d>c>b,1.0,5.0,4.0,3.0,0.0,2.0
-0.40755399999999997,-0.48723999999999995,-0.375604,-0.272329268,-0.29941100000000004,-0.127572,e>f>d>b>a>c,4.0,3.0,5.0,2.0,0.0,1.0
-0.408378,-0.48723999999999995,-0.164245,-0.272329268,-0.06640700000000001,0.612518,a>f>d>e>c>b,0.0,5.0,4.0,2.0,3.0,1.0
-0.40576799999999996,-0.48723999999999995,-0.164245,-0.272329268,-0.06640700000000001,-0.528929,a>f>d>e>c>b,0.0,5.0,4.0,2.0,3.0,1.0
-0.394278,-0.48723999999999995,-0.164245,-0.272329268,-0.06640700000000001,-0.274167,a>f>d>e>c>b,0.0,5.0,4.0,2.0,3.0,1.0
-0.403557,-0.48723999999999995,-0.164245,-0.272329268,-0.06640700000000001,-0.0436,a>f>d>e>c>b,0.0,5.0,4.0,2.0,3.0,1.0
-0.40018200000000004,-0.48723999999999995,-0.164245,-0.272329268,-0.06640700000000001,-0.50758,a>d>f>e>c>b,0.0,5.0,4.0,1.0,3.0,2.0
-0.404804,-0.48723999999999995,-0.164245,-0.272329268,-0.06640700000000001,-0.154614,f>d>a>e>c>b,2.0,5.0,4.0,1.0,3.0,0.0
-0.402549,-0.48723999999999995,-0.164245,-0.272329268,-0.06640700000000001,-0.375218,a>f>d>e>c>b,0.0,5.0,4.0,2.0,3.0,1.0
-0.40492100000000003,-0.48723999999999995,-0.164245,-0.272329268,-0.06640700000000001,-0.587282,a>d>f>e>c>b,0.0,5.0,4.0,1.0,3.0,2.0
-0.40327199999999996,-0.48723999999999995,-0.164245,-0.272329268,-0.06640700000000001,-0.78796,f>d>a>e>c>b,2.0,5.0,4.0,1.0,3.0,0.0
-0.41208100000000003,-0.48723999999999995,2.1155209999999998,-0.272329268,0.22700599999999999,-0.590128,f>e>a>b>c>d,2.0,3.0,4.0,5.0,1.0,0.0
-0.411772,-0.48723999999999995,2.1155209999999998,-0.272329268,0.22700599999999999,-0.399413,a>e>f>b>c>d,0.0,3.0,4.0,5.0,1.0,2.0
-0.40929099999999996,-0.48723999999999995,2.1155209999999998,-0.272329268,0.22700599999999999,-0.460613,a>e>f>b>c>d,0.0,3.0,4.0,5.0,1.0,2.0
-0.402619,-0.48723999999999995,2.1155209999999998,-0.272329268,0.22700599999999999,-0.610054,a>e>f>c>b>d,0.0,4.0,3.0,5.0,1.0,2.0
-0.40865100000000004,-0.48723999999999995,2.1155209999999998,-0.272329268,0.22700599999999999,-0.5773189999999999,a>e>f>b>c>d,0.0,3.0,4.0,5.0,1.0,2.0
-0.400452,-0.48723999999999995,2.1155209999999998,-0.272329268,0.22700599999999999,-0.42503100000000005,a>f>e>b>c>d,0.0,3.0,4.0,5.0,2.0,1.0
-0.375069,-0.48723999999999995,2.1155209999999998,-0.272329268,0.22700599999999999,-0.9559040000000001,a>e>f>c>b>d,0.0,4.0,3.0,5.0,1.0,2.0
-0.389973,-0.48723999999999995,1.567444,-0.272329268,0.598087,-0.842044,e>a>f>d>c>b,1.0,5.0,4.0,3.0,0.0,2.0
-0.382268,-0.48723999999999995,1.567444,-0.272329268,0.598087,0.208315,e>a>f>d>c>b,1.0,5.0,4.0,3.0,0.0,2.0
-0.31764899999999996,-0.48723999999999995,1.567444,-0.272329268,0.598087,-0.921746,e>a>f>d>c>b,1.0,5.0,4.0,3.0,0.0,2.0
-0.380567,-0.48723999999999995,1.567444,-0.272329268,0.598087,0.246743,e>a>f>d>c>b,1.0,5.0,4.0,3.0,0.0,2.0
-0.281413,-0.48723999999999995,1.567444,-0.272329268,0.598087,0.058874,e>a>f>d>c>b,1.0,5.0,4.0,3.0,0.0,2.0
-0.351504,-0.48723999999999995,1.567444,-0.272329268,0.598087,0.12434300000000001,e>a>f>d>c>b,1.0,5.0,4.0,3.0,0.0,2.0
-0.381757,-0.48723999999999995,1.567444,-0.272329268,0.598087,-0.6584439999999999,e>a>f>d>b>c,1.0,4.0,5.0,3.0,0.0,2.0
-0.306614,-0.48723999999999995,1.567444,-0.272329268,0.598087,-0.7509560000000001,e>a>d>c>b>f,1.0,4.0,3.0,2.0,0.0,5.0
-0.35525500000000004,-0.48723999999999995,1.567444,-0.272329268,0.598087,0.07168300000000001,e>a>f>d>c>b,1.0,5.0,4.0,3.0,0.0,2.0
-0.382592,-0.48723999999999995,1.567444,-0.272329268,0.598087,-0.487654,e>a>f>d>c>b,1.0,5.0,4.0,3.0,0.0,2.0
-0.37914000000000003,-0.48723999999999995,1.567444,-0.272329268,0.598087,0.24105,e>a>f>d>c>b,1.0,5.0,4.0,3.0,0.0,2.0
-0.39105999999999996,-0.48723999999999995,1.567444,-0.272329268,0.598087,-0.608631,e>a>f>d>c>b,1.0,5.0,4.0,3.0,0.0,2.0
-0.356797,-0.48723999999999995,1.567444,-0.272329268,0.598087,-0.190195,e>a>f>d>c>b,1.0,5.0,4.0,3.0,0.0,2.0
-0.386282,-0.48723999999999995,1.567444,-0.272329268,0.598087,-0.15746,e>a>f>d>c>b,1.0,5.0,4.0,3.0,0.0,2.0
-0.23075900000000002,-0.48723999999999995,1.567444,-0.272329268,0.598087,-1.8013139999999999,e>a>f>d>c>b,1.0,5.0,4.0,3.0,0.0,2.0
-0.034002,-0.48723999999999995,1.2307270000000001,3.6647716089999998,2.729645,-1.254786,a>f>d>c>b>e,0.0,4.0,3.0,2.0,5.0,1.0
0.05625499999999999,-0.48723999999999995,1.2307270000000001,-0.272329268,2.729645,-1.162275,a>f>d>c>b>e,0.0,4.0,3.0,2.0,5.0,1.0
-0.096934,-0.48723999999999995,1.2307270000000001,-0.272329268,2.729645,-1.9664110000000001,a>f>d>c>b>e,0.0,4.0,3.0,2.0,5.0,1.0
-0.143484,-0.48723999999999995,1.2307270000000001,-0.272329268,2.729645,-0.220083,a>d>c>b>e>f,0.0,3.0,2.0,1.0,4.0,5.0
-0.169559,-0.48723999999999995,1.2307270000000001,-0.272329268,2.729645,-0.9345549999999999,a>d>c>b>e>f,0.0,3.0,2.0,1.0,4.0,5.0
-0.14473,-0.48723999999999995,1.2307270000000001,-0.272329268,2.729645,-1.933677,a>f>d>c>b>e,0.0,4.0,3.0,2.0,5.0,1.0
-0.149105,-0.48723999999999995,1.2307270000000001,-0.272329268,2.729645,-1.563632,a>f>d>c>b>e,0.0,4.0,3.0,2.0,5.0,1.0
-0.102255,-0.48723999999999995,1.2307270000000001,-0.272329268,2.729645,-0.978676,a>d>f>c>b>e,0.0,4.0,3.0,1.0,5.0,2.0
-0.227508,-0.48723999999999995,1.2307270000000001,-0.272329268,2.729645,-0.231469,a>f>d>c>b>e,0.0,4.0,3.0,2.0,5.0,1.0
-0.246142,-0.48723999999999995,1.2307270000000001,-0.272329268,2.729645,-1.253363,a>d>f>c>b>e,0.0,4.0,3.0,1.0,5.0,2.0
-0.289128,-0.48723999999999995,1.2307270000000001,3.6647716089999998,2.729645,-1.811277,a>d>f>c>b>e,0.0,4.0,3.0,1.0,5.0,2.0
-0.170242,-0.48723999999999995,1.2307270000000001,-0.272329268,2.729645,-0.8192719999999999,a>d>c>b>f>e,0.0,3.0,2.0,1.0,5.0,4.0
-0.25573,-0.48723999999999995,1.2307270000000001,3.6647716089999998,2.729645,-0.221507,a>d>f>c>b>e,0.0,4.0,3.0,1.0,5.0,2.0
-0.009128,-0.48723999999999995,1.2307270000000001,3.6647716089999998,2.729645,-0.188772,a>d>c>b>e>f,0.0,3.0,2.0,1.0,4.0,5.0
-0.135655,-0.48723999999999995,1.2307270000000001,-0.272329268,2.729645,-1.441232,a>d>c>b>e>f,0.0,3.0,2.0,1.0,4.0,5.0
-0.27785,-0.48723999999999995,1.2307270000000001,-0.272329268,0.434121,0.937019,a>f>d>c>b>e,0.0,4.0,3.0,2.0,5.0,1.0
-0.263986,-0.48723999999999995,1.2307270000000001,-0.272329268,0.434121,-0.31117100000000003,a>f>d>c>b>e,0.0,4.0,3.0,2.0,5.0,1.0
-0.254431,-0.48723999999999995,1.2307270000000001,-0.272329268,2.729645,0.320752,a>f>d>c>b>e,0.0,4.0,3.0,2.0,5.0,1.0
-0.272052,-0.48723999999999995,1.2307270000000001,3.6647716089999998,0.434121,-0.049293000000000003,a>d>f>c>b>e,0.0,4.0,3.0,1.0,5.0,2.0
-0.24997399999999997,-0.48723999999999995,1.2307270000000001,-0.272329268,0.434121,1.714114,a>f>d>c>b>e,0.0,4.0,3.0,2.0,5.0,1.0
-0.206911,-0.48723999999999995,1.2307270000000001,3.6647716089999998,0.434121,2.159591,a>f>d>c>b>e,0.0,4.0,3.0,2.0,5.0,1.0
-0.24350300000000002,-0.48723999999999995,1.2307270000000001,3.6647716089999998,0.434121,2.975113,a>f>d>c>b>e,0.0,4.0,3.0,2.0,5.0,1.0
-0.159409,-0.48723999999999995,1.2307270000000001,-0.272329268,0.434121,-0.6129,a>f>d>c>b>e,0.0,4.0,3.0,2.0,5.0,1.0
-0.080163,-0.48723999999999995,1.2307270000000001,-0.272329268,0.434121,-0.261358,a>d>c>b>f>e,0.0,3.0,2.0,1.0,5.0,4.0
-0.186401,-0.48723999999999995,1.2307270000000001,-0.272329268,0.434121,2.340344,a>f>d>c>b>e,0.0,4.0,3.0,2.0,5.0,1.0
-0.210804,-0.48723999999999995,1.2307270000000001,-0.272329268,0.434121,-0.580166,a>d>c>b>f>e,0.0,3.0,2.0,1.0,5.0,4.0
-0.152661,-0.48723999999999995,1.2307270000000001,-0.272329268,0.434121,0.048911,a>d>c>f>b>e,0.0,4.0,2.0,1.0,5.0,3.0
-0.135324,-0.48723999999999995,1.2307270000000001,-0.272329268,0.434121,0.167041,a>d>f>c>b>e,0.0,4.0,3.0,1.0,5.0,2.0
-0.279729,-0.48723999999999995,1.2307270000000001,-0.272329268,0.434121,-0.583012,a>d>c>b>f>e,0.0,3.0,2.0,1.0,5.0,4.0
-0.151092,-0.48723999999999995,1.2307270000000001,-0.272329268,0.434121,-0.575896,a>d>f>c>b>e,0.0,4.0,3.0,1.0,5.0,2.0
-0.403926,-0.48723999999999995,-1.033005,-0.272329268,-0.385709,-1.014257,a>f>c>b>d>e,0.0,3.0,2.0,4.0,5.0,1.0
-0.409432,-0.48723999999999995,-1.033005,-0.272329268,-0.385709,0.18696600000000002,a>f>c>b>d>e,0.0,3.0,2.0,4.0,5.0,1.0
-0.41028100000000006,-0.48723999999999995,-1.033005,-0.272329268,-0.385709,-0.605784,f>a>b>c>d>e,1.0,2.0,3.0,4.0,5.0,0.0
-0.412354,-0.48723999999999995,-1.033005,-0.272329268,-0.385709,0.371989,f>b>c>d>e>a,5.0,1.0,2.0,3.0,4.0,0.0
-0.411938,-0.48723999999999995,-1.033005,-0.272329268,-0.385709,-0.376641,f>b>c>d>a>e,4.0,1.0,2.0,3.0,5.0,0.0
-0.41379499999999997,-0.48723999999999995,-1.033005,-0.272329268,-0.385709,0.043218,f>a>b>c>d>e,1.0,2.0,3.0,4.0,5.0,0.0
-0.41238,-0.48723999999999995,-1.033005,-0.272329268,-0.385709,0.818889,f>a>b>c>d>e,1.0,2.0,3.0,4.0,5.0,0.0
-0.41338199999999997,-0.48723999999999995,-1.2647709999999999,-0.272329268,-0.5755640000000001,0.9896790000000001,f>e>a>b>c>d,2.0,3.0,4.0,5.0,1.0,0.0
-0.412443,-0.48723999999999995,-1.2647709999999999,-0.272329268,-0.5755640000000001,2.1069310000000003,a>f>e>b>c>d,0.0,3.0,4.0,5.0,2.0,1.0
-0.41209399999999996,-0.48723999999999995,-1.2647709999999999,-0.272329268,-0.5755640000000001,-0.200158,f>a>e>b>c>d,1.0,3.0,4.0,5.0,2.0,0.0
-0.409519,-0.48723999999999995,-1.2647709999999999,-0.272329268,-0.5755640000000001,1.238748,a>f>e>b>c>d,0.0,3.0,4.0,5.0,2.0,1.0
-0.408467,-0.48723999999999995,-1.2647709999999999,-0.272329268,-0.5755640000000001,0.39618400000000004,a>f>e>b>c>d,0.0,3.0,4.0,5.0,2.0,1.0
-0.410443,-0.48723999999999995,-1.2647709999999999,-0.272329268,-0.5755640000000001,-0.9687129999999999,a>f>e>b>c>d,0.0,3.0,4.0,5.0,2.0,1.0
-0.41307200000000005,-0.48723999999999995,-1.2647709999999999,-0.272329268,-0.5755640000000001,-0.187349,f>a>b>e>c>d,1.0,2.0,4.0,5.0,3.0,0.0
-0.41358900000000004,-0.48723999999999995,-1.2647709999999999,-0.272329268,-0.5755640000000001,2.2008650000000003,f>b>e>a>c>d,3.0,1.0,4.0,5.0,2.0,0.0
-0.410946,1.442231,-1.1219219999999999,-0.272329268,-1.015684,0.7078760000000001,f>b>d>c>a>e,4.0,1.0,3.0,2.0,5.0,0.0
-0.405478,1.442231,-1.1219219999999999,-0.272329268,-1.015684,0.386221,b>f>d>c>a>e,4.0,0.0,3.0,2.0,5.0,1.0
-0.410371,1.442231,-1.1219219999999999,-0.272329268,-1.015684,1.2814459999999999,f>b>d>c>a>e,4.0,1.0,3.0,2.0,5.0,0.0
-0.409559,1.442231,-1.1219219999999999,-0.272329268,-1.015684,0.9484049999999999,b>f>d>c>e>a,5.0,0.0,3.0,2.0,4.0,1.0
-0.412067,1.442231,-1.1219219999999999,-0.272329268,-1.015684,0.646676,b>f>d>c>a>e,4.0,0.0,3.0,2.0,5.0,1.0
-0.410029,1.442231,-1.1219219999999999,-0.272329268,-1.015684,1.271483,b>f>d>c>a>e,4.0,0.0,3.0,2.0,5.0,1.0
-0.417559,2.085388,-1.1962620000000002,-0.272329268,-1.3263559999999999,0.733494,b>f>d>c>e>a,5.0,0.0,3.0,2.0,4.0,1.0
-0.418429,2.085388,-1.1962620000000002,-0.272329268,-1.3263559999999999,0.45453699999999997,b>f>d>c>e>a,5.0,0.0,3.0,2.0,4.0,1.0
-0.418496,2.942931,-1.556302,-0.272329268,-1.14513,2.263488,b>f>c>d>a>e,4.0,0.0,2.0,3.0,5.0,1.0
-0.41543900000000006,2.942931,-1.401791,-0.272329268,-1.300467,1.426617,b>f>d>c>a>e,4.0,0.0,3.0,2.0,5.0,1.0
-0.414677,2.942931,-1.401791,-0.272329268,-1.300467,1.170432,b>f>d>c>a>e,4.0,0.0,3.0,2.0,5.0,1.0
-0.415721,2.942931,-1.401791,-0.272329268,-1.300467,1.408115,b>f>d>c>a>e,4.0,0.0,3.0,2.0,5.0,1.0
-0.41644,3.5860879999999997,-1.4090790000000002,-0.272329268,-1.3090959999999998,0.982563,b>f>d>e>c>a,5.0,0.0,4.0,2.0,3.0,1.0
-0.41803500000000005,3.5860879999999997,-1.4090790000000002,-0.272329268,-1.3090959999999998,1.210283,b>f>d>e>c>a,5.0,0.0,4.0,2.0,3.0,1.0
-0.41609700000000005,3.0501240000000003,-1.32745,-0.272329268,-1.205539,-0.174539,b>f>d>c>a>e,4.0,0.0,3.0,2.0,5.0,1.0
-0.417571,3.0501240000000003,-1.32745,-0.272329268,-1.205539,1.886327,b>f>d>c>e>a,5.0,0.0,3.0,2.0,4.0,1.0
-0.41602100000000003,3.5860879999999997,-1.232703,-0.272329268,-1.196046,2.232177,b>f>c>d>a>e,4.0,0.0,2.0,3.0,5.0,1.0
-0.41776599999999997,3.5860879999999997,-1.232703,-0.272329268,-1.196046,2.489785,b>f>c>d>a>e,4.0,0.0,2.0,3.0,5.0,1.0
-0.404242,-0.48723999999999995,-0.079701,-0.272329268,-0.5669350000000001,-0.56024,f>b>e>c>d>a,5.0,1.0,3.0,4.0,2.0,0.0
-0.393398,-0.48723999999999995,-0.079701,-0.272329268,-0.5669350000000001,0.058874,f>b>e>a>c>d,3.0,1.0,4.0,5.0,2.0,0.0
-0.390806,-0.48723999999999995,-0.079701,-0.272329268,-0.5669350000000001,-0.713951,f>b>a>e>c>d,2.0,1.0,4.0,5.0,3.0,0.0
-0.404306,-0.48723999999999995,-0.079701,3.6647716089999998,-0.5669350000000001,-0.31401799999999996,f>b>e>a>c>d,3.0,1.0,4.0,5.0,2.0,0.0
-0.36944699999999997,-0.48723999999999995,-0.079701,3.6647716089999998,-0.5669350000000001,-1.338758,a>f>e>b>c>d,0.0,3.0,4.0,5.0,2.0,1.0
-0.399819,-0.48723999999999995,-0.079701,3.6647716089999998,-0.5669350000000001,-0.46203599999999995,a>f>e>b>c>d,0.0,3.0,4.0,5.0,2.0,1.0
-0.37641399999999997,-0.48723999999999995,-0.079701,3.6647716089999998,-0.5669350000000001,-1.253363,a>f>e>b>c>d,0.0,3.0,4.0,5.0,2.0,1.0
-0.394852,-0.48723999999999995,-0.079701,3.6647716089999998,-0.5669350000000001,-0.679793,f>e>b>a>c>d,3.0,2.0,4.0,5.0,1.0,0.0
-0.403765,-0.48723999999999995,-0.079701,-0.272329268,-0.5669350000000001,0.128613,f>b>e>c>d>a,5.0,1.0,3.0,4.0,2.0,0.0
-0.386439,-0.48723999999999995,-0.079701,-0.272329268,-0.5669350000000001,-1.241977,e>f>b>c>d>a,5.0,2.0,3.0,4.0,0.0,1.0
-0.39708000000000004,-0.48723999999999995,-0.079701,-0.272329268,-0.5669350000000001,-0.146074,f>b>e>c>d>a,5.0,1.0,3.0,4.0,2.0,0.0
-0.4148,-0.48723999999999995,0.40132399999999996,3.6647716089999998,-0.040517000000000004,-0.5645100000000001,f>b>a>c>d>e,2.0,1.0,3.0,4.0,5.0,0.0
-0.411948,-0.48723999999999995,0.40132399999999996,-0.272329268,-0.040517000000000004,0.508621,a>f>b>c>d>e,0.0,2.0,3.0,4.0,5.0,1.0
-0.407233,-0.48723999999999995,0.40132399999999996,3.6647716089999998,-0.040517000000000004,-0.47484499999999996,a>f>b>c>d>e,0.0,2.0,3.0,4.0,5.0,1.0
-0.406819,-0.48723999999999995,0.40132399999999996,3.6647716089999998,-0.040517000000000004,0.12576600000000002,a>f>b>c>d>e,0.0,2.0,3.0,4.0,5.0,1.0
-0.378471,-0.48723999999999995,-0.7196100000000001,3.6647716089999998,-0.41159799999999996,0.9484049999999999,a>f>c>b>e>d,0.0,3.0,2.0,5.0,4.0,1.0
-0.372702,-0.48723999999999995,-0.7196100000000001,3.6647716089999998,-0.41159799999999996,-0.171693,a>f>c>b>e>d,0.0,3.0,2.0,5.0,4.0,1.0
-0.347608,-0.48723999999999995,-0.7196100000000001,3.6647716089999998,-0.41159799999999996,0.845931,f>a>c>b>e>d,1.0,3.0,2.0,5.0,4.0,0.0
-0.348638,-0.48723999999999995,-0.7196100000000001,-0.272329268,-0.41159799999999996,0.474463,f>a>c>b>e>d,1.0,3.0,2.0,5.0,4.0,0.0
-0.383442,-0.48723999999999995,-0.7196100000000001,-0.272329268,-0.437488,2.819979,a>f>c>b>e>d,0.0,3.0,2.0,5.0,4.0,1.0
-0.358842,-0.48723999999999995,-0.7196100000000001,-0.272329268,-0.437488,3.4732510000000003,a>f>c>b>e>d,0.0,3.0,2.0,5.0,4.0,1.0
-0.375675,-0.48723999999999995,-0.7196100000000001,-0.272329268,-0.437488,2.498324,a>f>c>b>e>d,0.0,3.0,2.0,5.0,4.0,1.0
-0.372159,-0.48723999999999995,-0.7196100000000001,-0.272329268,-0.437488,1.250134,a>f>c>b>e>d,0.0,3.0,2.0,5.0,4.0,1.0
-0.38543499999999997,-0.48723999999999995,-0.7196100000000001,-0.272329268,-0.437488,1.9944939999999998,f>c>b>e>d>a,5.0,2.0,1.0,4.0,3.0,0.0
-0.368741,-0.48723999999999995,-0.7196100000000001,-0.272329268,-0.437488,0.38052800000000003,f>c>b>e>d>a,5.0,2.0,1.0,4.0,3.0,0.0
-0.357671,-0.48723999999999995,-0.7196100000000001,-0.272329268,-0.437488,-0.432148,f>a>b>c>e>d,1.0,2.0,3.0,5.0,4.0,0.0
-0.366279,-0.48723999999999995,-0.7196100000000001,-0.272329268,-0.437488,1.604523,a>f>b>c>e>d,0.0,2.0,3.0,5.0,4.0,1.0
-0.35322,-0.48723999999999995,-0.7196100000000001,-0.272329268,-0.41159799999999996,2.92103,f>a>b>c>e>d,1.0,2.0,3.0,5.0,4.0,0.0
-0.38156599999999996,-0.48723999999999995,-0.7196100000000001,-0.272329268,-0.41159799999999996,2.792937,f>a>b>c>e>d,1.0,2.0,3.0,5.0,4.0,0.0
-0.368028,-0.48723999999999995,-0.7196100000000001,3.6647716089999998,-0.41159799999999996,0.628174,f>b>a>c>e>d,2.0,1.0,3.0,5.0,4.0,0.0
-0.381684,-0.48723999999999995,-0.7196100000000001,-0.272329268,-0.41159799999999996,-0.282706,f>b>c>a>e>d,3.0,1.0,2.0,5.0,4.0,0.0
-0.35958,-0.48723999999999995,-0.7196100000000001,3.6647716089999998,-0.41159799999999996,0.492965,f>a>b>c>e>d,1.0,2.0,3.0,5.0,4.0,0.0
-0.360597,-0.48723999999999995,-0.7196100000000001,-0.272329268,-0.41159799999999996,1.527668,f>b>a>c>e>d,2.0,1.0,3.0,5.0,4.0,0.0
-0.410517,0.799074,-0.904732,-0.272329268,-1.093352,0.279477,b>f>c>d>e>a,5.0,0.0,2.0,3.0,4.0,1.0
-0.40934499999999996,0.799074,-0.904732,-0.272329268,-1.093352,0.457384,b>f>c>d>e>a,5.0,0.0,2.0,3.0,4.0,1.0
-0.406931,0.799074,-0.904732,-0.272329268,-1.093352,0.871549,b>f>c>a>d>e,3.0,0.0,2.0,4.0,5.0,1.0
-0.40776399999999996,0.799074,-0.904732,-0.272329268,-1.093352,-0.269897,b>f>a>c>d>e,2.0,0.0,3.0,4.0,5.0,1.0
-0.408139,0.799074,-0.904732,-0.272329268,-1.093352,0.10441800000000001,b>f>c>a>d>e,3.0,0.0,2.0,4.0,5.0,1.0
-0.405271,0.799074,-0.904732,-0.272329268,-1.093352,0.154231,b>f>c>d>e>a,5.0,0.0,2.0,3.0,4.0,1.0
-0.39614299999999997,0.456057,-0.76917,-0.272329268,-1.0674620000000001,-0.984369,b>e>a>f>c>d,2.0,0.0,4.0,5.0,1.0,3.0
-0.397858,0.456057,-0.76917,-0.272329268,-1.0674620000000001,-0.96729,b>f>e>a>c>d,3.0,0.0,4.0,5.0,2.0,1.0
-0.380594,0.456057,-0.76917,-0.272329268,-1.0674620000000001,-0.251395,b>f>e>c>d>a,5.0,0.0,3.0,4.0,2.0,1.0
-0.39724899999999996,0.456057,-0.76917,-0.272329268,-1.0674620000000001,-0.083451,b>a>e>f>c>d,1.0,0.0,4.0,5.0,2.0,3.0
-0.40099,0.456057,-0.76917,-0.272329268,-1.0674620000000001,0.21116100000000002,b>e>f>c>d>a,5.0,0.0,3.0,4.0,1.0,2.0
-0.397928,0.456057,-0.76917,-0.272329268,-1.0674620000000001,0.616788,b>f>e>c>d>a,5.0,0.0,3.0,4.0,2.0,1.0
-0.403791,0.456057,-0.76917,-0.272329268,-1.0674620000000001,0.288017,b>f>e>c>d>a,5.0,0.0,3.0,4.0,2.0,1.0
-0.395212,0.456057,-0.76917,-0.272329268,-1.0674620000000001,0.21827800000000003,b>e>f>c>d>a,5.0,0.0,3.0,4.0,1.0,2.0
-0.41054399999999996,0.456057,-0.76917,-0.272329268,-1.0674620000000001,0.956945,b>f>e>c>d>a,5.0,0.0,3.0,4.0,2.0,1.0
-0.377209,0.456057,-0.76917,-0.272329268,-1.0674620000000001,2.810016,b>f>e>c>d>a,5.0,0.0,3.0,4.0,2.0,1.0
-0.41449899999999995,2.942931,-1.092769,-0.272329268,-1.404024,-0.251395,b>f>d>e>c>a,5.0,0.0,4.0,2.0,3.0,1.0
-0.41597700000000004,2.942931,-1.092769,-0.272329268,-1.404024,-0.581589,b>f>d>e>c>a,5.0,0.0,4.0,2.0,3.0,1.0
-0.418314,3.3717019999999995,-1.076734,-0.272329268,-1.386765,1.6643,b>f>c>d>e>a,5.0,0.0,2.0,3.0,4.0,1.0
-0.349005,0.370303,-1.044666,-0.272329268,0.7965720000000001,3.4433629999999997,a>f>c>d>b>e,0.0,4.0,2.0,3.0,5.0,1.0
-0.342963,0.370303,-1.044666,-0.272329268,0.7965720000000001,1.4920870000000002,a>f>c>d>b>e,0.0,4.0,2.0,3.0,5.0,1.0
-0.34376100000000004,0.370303,-1.044666,-0.272329268,0.7965720000000001,0.793271,a>f>c>b>d>e,0.0,3.0,2.0,4.0,5.0,1.0
-0.357309,0.370303,-1.044666,-0.272329268,0.7965720000000001,1.307064,a>f>c>b>d>e,0.0,3.0,2.0,4.0,5.0,1.0
-0.358006,0.370303,-1.044666,-0.272329268,0.7965720000000001,1.758234,a>f>c>b>d>e,0.0,3.0,2.0,4.0,5.0,1.0
-0.359631,0.370303,-1.044666,-0.272329268,0.7965720000000001,3.007848,a>f>c>b>d>e,0.0,3.0,2.0,4.0,5.0,1.0
-0.324158,0.370303,-1.044666,-0.272329268,0.7965720000000001,1.483547,a>f>c>b>d>e,0.0,3.0,2.0,4.0,5.0,1.0
-0.356152,0.370303,-1.044666,-0.272329268,0.7965720000000001,1.311334,a>f>c>d>b>e,0.0,4.0,2.0,3.0,5.0,1.0
-0.331557,0.370303,-1.044666,-0.272329268,0.7965720000000001,-1.031336,f>a>c>d>b>e,1.0,4.0,2.0,3.0,5.0,0.0
-0.328758,0.370303,-1.044666,-0.272329268,0.7965720000000001,1.03807,a>f>c>b>d>e,0.0,3.0,2.0,4.0,5.0,1.0
-0.352865,0.370303,-1.044666,-0.272329268,0.175227,2.8641,f>a>c>b>d>e,1.0,3.0,2.0,4.0,5.0,0.0
-0.35726399999999997,0.370303,-1.044666,-0.272329268,0.175227,1.6870720000000001,f>b>c>a>d>e,3.0,1.0,2.0,4.0,5.0,0.0
-0.409563,0.370303,-0.608829,3.6647716089999998,-0.782679,-0.518966,f>e>b>a>c>d,3.0,2.0,4.0,5.0,1.0,0.0
-0.385322,0.370303,-0.608829,-0.272329268,-0.782679,-0.610054,f>b>e>c>a>d,4.0,1.0,3.0,5.0,2.0,0.0
-0.40125500000000003,0.370303,-0.608829,-0.272329268,-0.782679,-0.063526,f>b>e>c>d>a,5.0,1.0,3.0,4.0,2.0,0.0
-0.40677800000000003,0.370303,-0.608829,-0.272329268,-0.782679,0.360603,f>e>b>a>c>d,3.0,2.0,4.0,5.0,1.0,0.0
-0.394306,0.370303,-0.608829,3.6647716089999998,-0.782679,2.00161,f>b>e>a>c>d,3.0,1.0,4.0,5.0,2.0,0.0
-0.41353999999999996,1.227845,-0.688999,3.6647716089999998,-0.929386,0.673718,f>b>e>c>d>a,5.0,1.0,3.0,4.0,2.0,0.0
-0.408936,1.227845,-0.688999,-0.272329268,-0.929386,0.81035,f>b>e>c>d>a,5.0,1.0,3.0,4.0,2.0,0.0
-0.407931,1.227845,-0.688999,3.6647716089999998,-0.929386,1.398152,b>f>e>c>a>d,4.0,0.0,3.0,5.0,2.0,1.0
-0.412979,1.227845,-0.688999,3.6647716089999998,-0.929386,0.7704989999999999,b>f>e>c>d>a,5.0,0.0,3.0,4.0,2.0,1.0
-0.41082700000000005,1.227845,-0.688999,-0.272329268,-0.929386,0.280901,f>b>e>c>d>a,5.0,1.0,3.0,4.0,2.0,0.0
-0.39564299999999997,0.370303,-1.137956,-0.272329268,-0.9647680000000001,0.7505729999999999,f>b>c>d>a>e,4.0,1.0,2.0,3.0,5.0,0.0
-0.41594200000000003,0.370303,-1.137956,-0.272329268,-0.9647680000000001,2.185209,b>f>a>c>d>e,2.0,0.0,3.0,4.0,5.0,1.0
-0.41579399999999994,0.370303,-1.137956,-0.272329268,-0.9647680000000001,0.9726,b>f>c>a>d>e,3.0,0.0,2.0,4.0,5.0,1.0
-0.412976,0.370303,-1.137956,3.6647716089999998,-0.9647680000000001,1.936141,b>f>c>a>d>e,3.0,0.0,2.0,4.0,5.0,1.0
-0.418357,3.3717019999999995,-1.446978,3.6647716089999998,-1.3263559999999999,2.331804,b>f>c>d>a>e,4.0,0.0,2.0,3.0,5.0,1.0
-0.419048,3.3717019999999995,-1.190431,-0.272329268,-1.334986,1.14339,b>f>d>c>e>a,5.0,0.0,3.0,2.0,4.0,1.0
-0.41882700000000006,1.871002,-1.295382,-0.272329268,-1.429914,0.23962600000000003,b>f>d>c>a>e,4.0,0.0,3.0,2.0,5.0,1.0
-0.417817,2.942931,-1.3668069999999999,-0.272329268,-1.464433,-0.07775800000000001,b>e>f>c>d>a,5.0,0.0,3.0,4.0,1.0,2.0
-0.415601,1.763809,-0.8478829999999999,-0.272329268,-1.2918370000000001,-0.107647,b>f>c>d>e>a,5.0,0.0,2.0,3.0,4.0,1.0
-0.41476499999999994,1.763809,-0.8478829999999999,-0.272329268,-1.2918370000000001,0.043218,b>f>c>d>a>e,4.0,0.0,2.0,3.0,5.0,1.0
-0.41510600000000003,1.763809,-0.8478829999999999,-0.272329268,-1.2918370000000001,0.39903,b>f>c>d>e>a,5.0,0.0,2.0,3.0,4.0,1.0
-0.41603,2.942931,-0.901816,-0.272329268,-1.2400579999999999,0.820312,b>f>e>c>d>a,5.0,0.0,3.0,4.0,2.0,1.0
-0.410934,2.942931,-0.901816,-0.272329268,-1.2400579999999999,1.228785,b>f>e>c>d>a,5.0,0.0,3.0,4.0,2.0,1.0
-0.41589899999999996,2.942931,-0.901816,-0.272329268,-1.2400579999999999,0.49154200000000003,b>f>e>c>d>a,5.0,0.0,3.0,4.0,2.0,1.0
-0.41049300000000005,-0.48723999999999995,0.405697,-0.272329268,-1.015684,-0.22435300000000002,b>f>c>d>e>a,5.0,0.0,2.0,3.0,4.0,1.0
-0.41057,-0.48723999999999995,0.405697,-0.272329268,-1.015684,-0.392297,b>f>c>d>a>e,4.0,0.0,2.0,3.0,5.0,1.0
-0.405067,-0.48723999999999995,0.405697,-0.272329268,-1.015684,0.559858,b>f>c>d>e>a,5.0,0.0,2.0,3.0,4.0,1.0
-0.41385600000000006,-0.48723999999999995,0.405697,-0.272329268,-1.015684,0.376258,b>f>a>c>d>e,2.0,0.0,3.0,4.0,5.0,1.0
-0.403706,-0.48723999999999995,0.405697,-0.272329268,-1.015684,-0.7039880000000001,b>f>a>c>d>e,2.0,0.0,3.0,4.0,5.0,1.0
-0.412584,2.514159,-1.29684,-0.272329268,-1.334986,0.08591499999999999,b>f>d>c>e>a,5.0,0.0,3.0,2.0,4.0,1.0
-0.413637,2.514159,-1.29684,-0.272329268,-1.334986,1.076498,b>f>d>c>e>a,5.0,0.0,3.0,2.0,4.0,1.0
-0.41496700000000003,2.514159,-1.29684,-0.272329268,-1.334986,0.8345450000000001,b>f>d>c>a>e,4.0,0.0,3.0,2.0,5.0,1.0
-0.41598999999999997,0.970582,-0.735644,-0.272329268,-1.050203,0.434612,b>f>c>d>a>e,4.0,0.0,2.0,3.0,5.0,1.0
-0.409329,0.970582,-0.735644,-0.272329268,-1.050203,0.29940300000000003,b>f>c>d>e>a,5.0,0.0,2.0,3.0,4.0,1.0
-0.408476,0.970582,-0.735644,-0.272329268,-1.050203,0.992526,b>f>c>d>e>a,5.0,0.0,2.0,3.0,4.0,1.0
-0.41368999999999995,0.9277049999999999,-1.3055860000000001,-0.272329268,-0.713641,1.354031,f>b>e>c>a>d,4.0,1.0,3.0,5.0,2.0,0.0
-0.413732,0.9277049999999999,-1.3055860000000001,-0.272329268,-0.713641,0.471616,f>e>b>c>a>d,4.0,2.0,3.0,5.0,1.0,0.0
-0.411379,0.9277049999999999,-1.3055860000000001,-0.272329268,-0.713641,1.615909,f>a>e>c>b>d,1.0,4.0,3.0,5.0,2.0,0.0
-0.414368,0.9277049999999999,-1.3055860000000001,-0.272329268,-0.713641,0.803233,f>a>e>b>c>d,1.0,3.0,4.0,5.0,2.0,0.0
-0.362789,-0.48723999999999995,-0.180279,-0.272329268,-0.092296,0.498658,a>f>e>b>d>c,0.0,3.0,5.0,4.0,2.0,1.0
-0.379481,-0.48723999999999995,-0.180279,-0.272329268,-0.092296,-0.444957,f>a>e>b>d>c,1.0,3.0,5.0,4.0,2.0,0.0
-0.11370599999999999,-0.48723999999999995,-0.180279,-0.272329268,-0.092296,-1.866784,e>f>b>d>c>a,5.0,2.0,4.0,3.0,0.0,1.0
-0.32821,-0.48723999999999995,-0.180279,-0.272329268,-0.092296,-0.231469,f>e>b>a>d>c,3.0,2.0,5.0,4.0,1.0,0.0
-0.389678,-0.48723999999999995,-0.180279,-0.272329268,-0.092296,-0.372371,a>f>e>b>d>c,0.0,3.0,5.0,4.0,2.0,1.0
-0.388784,-0.48723999999999995,-0.180279,-0.272329268,-0.092296,-0.026521,a>f>e>b>d>c,0.0,3.0,5.0,4.0,2.0,1.0
-0.377179,-0.48723999999999995,-0.180279,-0.272329268,-0.092296,0.401877,a>f>e>b>d>c,0.0,3.0,5.0,4.0,2.0,1.0
-0.390623,-0.48723999999999995,-0.180279,-0.272329268,-0.092296,-0.824965,f>a>b>e>d>c,1.0,2.0,5.0,4.0,3.0,0.0
-0.3831,-0.48723999999999995,-0.180279,-0.272329268,-0.092296,-0.527505,a>f>b>e>d>c,0.0,2.0,5.0,4.0,3.0,1.0
-0.39159299999999997,-0.48723999999999995,-0.180279,-0.272329268,-0.092296,-0.715374,f>b>a>e>d>c,2.0,1.0,5.0,4.0,3.0,0.0
-0.373364,-0.48723999999999995,-0.180279,-0.272329268,-0.092296,0.138576,f>e>a>b>d>c,2.0,3.0,5.0,4.0,1.0,0.0
-0.364824,-0.48723999999999995,-0.180279,-0.272329268,-0.092296,-0.244279,f>b>e>a>d>c,3.0,1.0,5.0,4.0,2.0,0.0
-0.400617,-0.48723999999999995,-0.547607,-0.272329268,-0.532415,0.201199,e>f>b>c>a>d,4.0,2.0,3.0,5.0,0.0,1.0
-0.39899,-0.48723999999999995,-0.547607,-0.272329268,-0.532415,0.13003599999999998,e>f>b>a>c>d,3.0,2.0,4.0,5.0,0.0,1.0
-0.379279,-0.48723999999999995,-0.547607,-0.272329268,-0.532415,-0.34675300000000003,e>f>b>c>a>d,4.0,2.0,3.0,5.0,0.0,1.0
-0.387094,-0.48723999999999995,-0.547607,-0.272329268,-0.532415,-0.8206950000000001,e>b>f>a>c>d,3.0,1.0,4.0,5.0,0.0,2.0
-0.380447,-0.48723999999999995,-0.547607,-0.272329268,-0.532415,0.185543,e>f>b>c>d>a,5.0,2.0,3.0,4.0,0.0,1.0
-0.397796,-0.48723999999999995,-0.547607,-0.272329268,-0.532415,0.208315,b>e>f>c>d>a,5.0,0.0,3.0,4.0,1.0,2.0
-0.384821,-0.48723999999999995,-0.547607,-0.272329268,-0.532415,0.038948,b>e>f>c>d>a,5.0,0.0,3.0,4.0,1.0,2.0
-0.39208000000000004,-0.48723999999999995,-0.547607,-0.272329268,-0.532415,-0.286976,b>e>f>c>d>a,5.0,0.0,3.0,4.0,1.0,2.0
-0.412409,-0.48723999999999995,-1.151075,-0.272329268,-0.817198,-0.592975,b>f>d>c>e>a,5.0,0.0,3.0,2.0,4.0,1.0
-0.41228400000000004,-0.48723999999999995,-1.151075,-0.272329268,-0.817198,0.06883600000000001,b>f>d>c>e>a,5.0,0.0,3.0,2.0,4.0,1.0
-0.41481899999999994,-0.48723999999999995,-1.151075,-0.272329268,-0.817198,-0.200158,b>f>d>c>e>a,5.0,0.0,3.0,2.0,4.0,1.0
-0.41426199999999996,1.01346,-0.740017,-0.272329268,-1.007917,-0.823542,b>f>d>e>c>a,5.0,0.0,4.0,2.0,3.0,1.0
-0.41607200000000005,1.01346,-0.740017,-0.272329268,-1.007917,-0.360985,b>f>d>e>c>a,5.0,0.0,4.0,2.0,3.0,1.0
-0.414192,-0.48723999999999995,-0.866833,-0.272329268,-0.34256,0.044641,b>e>f>c>a>d,4.0,0.0,3.0,5.0,1.0,2.0
-0.415756,-0.48723999999999995,-0.866833,-0.272329268,-0.34256,0.036101999999999995,b>e>f>c>a>d,4.0,0.0,3.0,5.0,1.0,2.0
-0.415497,-0.48723999999999995,-0.866833,-0.272329268,-0.34256,-0.352446,b>e>f>c>d>a,5.0,0.0,3.0,4.0,1.0,2.0
-0.41611800000000004,-0.48723999999999995,-0.866833,-0.272329268,-0.34256,-0.5915520000000001,e>b>f>c>a>d,4.0,1.0,3.0,5.0,0.0,2.0
-0.416566,-0.48723999999999995,-0.866833,-0.272329268,-0.34256,-0.554547,b>e>f>a>c>d,3.0,0.0,4.0,5.0,1.0,2.0
-0.416258,-0.48723999999999995,-0.866833,-0.272329268,-0.34256,-0.32113400000000003,e>b>f>c>d>a,5.0,1.0,3.0,4.0,0.0,2.0
-0.41371099999999994,-0.48723999999999995,-0.866833,-0.272329268,-0.34256,-0.42645500000000003,e>b>f>c>a>d,4.0,1.0,3.0,5.0,0.0,2.0
-0.412951,-0.48723999999999995,-0.866833,-0.272329268,-0.34256,-0.45065,e>b>f>a>c>d,3.0,1.0,4.0,5.0,0.0,2.0
-0.41858900000000004,1.01346,-1.401791,-0.272329268,-0.972535,1.361148,b>f>a>d>c>e,2.0,0.0,4.0,3.0,5.0,1.0
-0.41719799999999996,-0.48723999999999995,-1.347858,-0.272329268,-0.316671,0.36344899999999997,b>f>d>a>c>e,3.0,0.0,4.0,2.0,5.0,1.0
-0.417145,1.871002,-1.072362,-0.272329268,-0.610084,0.585476,b>f>d>e>a>c,4.0,0.0,5.0,2.0,3.0,1.0
-0.41655699999999996,1.871002,-1.072362,-0.272329268,-0.610084,0.838815,b>f>d>e>c>a,5.0,0.0,4.0,2.0,3.0,1.0
-0.416483,-0.48723999999999995,-0.9834450000000001,-0.272329268,-0.972535,-0.38518,b>f>e>d>a>c,4.0,0.0,5.0,3.0,2.0,1.0
-0.412938,-0.48723999999999995,-0.9834450000000001,-0.272329268,-0.972535,-0.550277,b>e>f>d>a>c,4.0,0.0,5.0,3.0,1.0,2.0
-0.41792799999999997,3.157316,-1.018428,-0.272329268,-1.084722,0.329291,b>f>e>d>c>a,5.0,0.0,4.0,3.0,2.0,1.0
-0.418357,2.942931,-1.330366,-0.272329268,-1.032943,0.498658,b>f>c>e>d>a,5.0,0.0,2.0,4.0,3.0,1.0
-0.416731,1.227845,-1.441147,-0.272329268,-1.084722,0.931326,b>e>f>d>c>a,5.0,0.0,4.0,3.0,1.0,2.0
-0.41288100000000005,1.227845,-1.441147,-0.272329268,-1.084722,0.29228699999999996,b>e>f>d>a>c,4.0,0.0,5.0,3.0,1.0,2.0
-0.41085900000000003,2.085388,-1.377011,-0.272329268,-1.2400579999999999,0.41895600000000005,b>f>d>e>c>a,5.0,0.0,4.0,2.0,3.0,1.0
-0.41168000000000005,2.085388,-1.377011,-0.272329268,-1.2400579999999999,-0.570203,b>f>d>e>c>a,5.0,0.0,4.0,2.0,3.0,1.0
-0.41811499999999996,3.3717019999999995,-1.328908,-0.272329268,-1.248688,0.63102,b>f>c>e>a>d,4.0,0.0,2.0,5.0,3.0,1.0
-0.415101,2.942931,-1.344942,-0.272329268,-1.222799,-0.884741,b>e>f>d>c>a,5.0,0.0,4.0,3.0,1.0,2.0
-0.40771,2.942931,-1.344942,-0.272329268,-1.222799,-0.49619399999999997,b>e>f>d>c>a,5.0,0.0,4.0,3.0,1.0,2.0
0.6242409999999999,-0.48723999999999995,1.014995,3.6647716089999998,1.858036,-0.103377,c>d>a>e>f>b,2.0,5.0,0.0,1.0,3.0,4.0
0.027457,-0.48723999999999995,1.014995,3.6647716089999998,1.858036,0.157078,c>d>e>a>f>b,3.0,5.0,0.0,1.0,2.0,4.0
0.184647,-0.48723999999999995,1.014995,3.6647716089999998,1.858036,-0.22435300000000002,c>d>e>a>f>b,3.0,5.0,0.0,1.0,2.0,4.0
0.07531,-0.48723999999999995,1.014995,-0.272329268,1.858036,-0.245702,c>d>e>a>f>b,3.0,5.0,0.0,1.0,2.0,4.0
0.10793399999999999,-0.48723999999999995,1.014995,-0.272329268,1.858036,0.161348,c>d>e>a>f>b,3.0,5.0,0.0,1.0,2.0,4.0
0.025962,-0.48723999999999995,1.014995,-0.272329268,1.858036,-0.047869999999999996,c>d>e>a>f>b,3.0,5.0,0.0,1.0,2.0,4.0
0.007520999999999999,-0.48723999999999995,1.014995,-0.272329268,1.858036,-1.31314,c>d>a>e>f>b,2.0,5.0,0.0,1.0,3.0,4.0
0.070786,-0.48723999999999995,1.014995,3.6647716089999998,1.858036,-0.6854859999999999,c>d>e>a>f>b,3.0,5.0,0.0,1.0,2.0,4.0
-0.016188,-0.48723999999999995,1.014995,3.6647716089999998,1.4092870000000002,3.55153,c>d>e>a>f>b,3.0,5.0,0.0,1.0,2.0,4.0
0.109555,-0.48723999999999995,1.014995,-0.272329268,1.4092870000000002,-3.876413,c>d>e>a>f>b,3.0,5.0,0.0,1.0,2.0,4.0
0.009699,-0.48723999999999995,1.014995,-0.272329268,1.4092870000000002,-1.881016,c>d>a>e>f>b,2.0,5.0,0.0,1.0,3.0,4.0
1.151965,-0.48723999999999995,1.014995,-0.272329268,0.658496,-3.446592,c>d>a>e>b>f,2.0,4.0,0.0,1.0,3.0,5.0
0.149356,-0.48723999999999995,1.014995,-0.272329268,0.658496,-1.871054,c>d>a>e>f>b,2.0,5.0,0.0,1.0,3.0,4.0
0.23908000000000001,-0.48723999999999995,1.014995,3.6647716089999998,0.658496,0.566974,c>d>a>e>f>b,2.0,5.0,0.0,1.0,3.0,4.0
0.34008299999999997,-0.48723999999999995,1.014995,3.6647716089999998,0.658496,1.040916,c>d>a>e>f>b,2.0,5.0,0.0,1.0,3.0,4.0
0.653229,-0.48723999999999995,1.014995,-0.272329268,0.658496,-0.097684,c>d>a>e>f>b,2.0,5.0,0.0,1.0,3.0,4.0
0.541034,-0.48723999999999995,1.014995,3.6647716089999998,0.977798,-0.583012,c>d>e>a>f>b,3.0,5.0,0.0,1.0,2.0,4.0
0.8713059999999999,-0.48723999999999995,1.014995,-0.272329268,0.977798,-1.9621419999999998,c>d>a>e>f>b,2.0,5.0,0.0,1.0,3.0,4.0
1.7304650000000001,-0.48723999999999995,1.014995,-0.272329268,0.977798,-3.055198,c>d>a>e>f>b,2.0,5.0,0.0,1.0,3.0,4.0
1.8596169999999999,-0.48723999999999995,1.014995,-0.272329268,1.003687,1.463622,c>d>a>e>f>b,2.0,5.0,0.0,1.0,3.0,4.0
1.357253,-0.48723999999999995,1.014995,-0.272329268,1.003687,0.518583,c>d>a>e>f>b,2.0,5.0,0.0,1.0,3.0,4.0
0.721959,-0.48723999999999995,1.014995,-0.272329268,1.003687,0.724955,c>d>a>e>f>b,2.0,5.0,0.0,1.0,3.0,4.0
2.329195,-0.48723999999999995,1.014995,-0.272329268,1.003687,0.135729,c>d>a>e>f>b,2.0,5.0,0.0,1.0,3.0,4.0
1.6570479999999999,-0.48723999999999995,1.014995,-0.272329268,1.003687,-0.08772100000000001,c>d>a>e>f>b,2.0,5.0,0.0,1.0,3.0,4.0
9.92411,-0.48723999999999995,1.014995,-0.272329268,1.003687,0.9726,c>d>a>e>f>b,2.0,5.0,0.0,1.0,3.0,4.0
1.425427,-0.48723999999999995,1.014995,-0.272329268,1.003687,0.37056500000000003,c>d>a>e>f>b,2.0,5.0,0.0,1.0,3.0,4.0
0.647965,-0.48723999999999995,1.014995,-0.272329268,1.253951,-1.065494,c>d>a>e>f>b,2.0,5.0,0.0,1.0,3.0,4.0
0.5090899999999999,-0.48723999999999995,1.014995,-0.272329268,1.253951,-1.088266,c>d>a>e>f>b,2.0,5.0,0.0,1.0,3.0,4.0
1.914932,-0.48723999999999995,1.014995,-0.272329268,1.253951,-2.72785,c>d>e>a>f>b,3.0,5.0,0.0,1.0,2.0,4.0
1.534408,-0.48723999999999995,1.014995,-0.272329268,1.253951,-1.434116,c>d>a>e>f>b,2.0,5.0,0.0,1.0,3.0,4.0
2.415877,-0.48723999999999995,1.014995,-0.272329268,1.253951,-2.3236470000000002,c>d>a>e>f>b,2.0,5.0,0.0,1.0,3.0,4.0
2.2069959999999997,-0.48723999999999995,1.014995,-0.272329268,1.253951,-1.828356,c>d>e>a>f>b,3.0,5.0,0.0,1.0,2.0,4.0
1.246308,-0.48723999999999995,1.014995,-0.272329268,1.253951,-1.9991459999999999,c>d>a>e>f>b,2.0,5.0,0.0,1.0,3.0,4.0
0.527605,-0.48723999999999995,1.014995,-0.272329268,1.253951,-1.273289,c>d>a>e>f>b,2.0,5.0,0.0,1.0,3.0,4.0
0.389305,-0.48723999999999995,1.014995,-0.272329268,1.253951,-0.8135789999999999,c>d>a>e>f>b,2.0,5.0,0.0,1.0,3.0,4.0
0.195259,-0.48723999999999995,1.014995,-0.272329268,1.253951,-0.33252,c>d>e>a>f>b,3.0,5.0,0.0,1.0,2.0,4.0
0.925924,-0.48723999999999995,1.014995,-0.272329268,1.253951,-1.777119,c>d>a>e>f>b,2.0,5.0,0.0,1.0,3.0,4.0
0.584922,-0.48723999999999995,1.014995,-0.272329268,1.193543,-0.130419,c>d>a>e>f>b,2.0,5.0,0.0,1.0,3.0,4.0
1.133084,-0.48723999999999995,1.014995,-0.272329268,1.193543,-0.565933,c>d>a>e>f>b,2.0,5.0,0.0,1.0,3.0,4.0
0.593292,-0.48723999999999995,1.014995,-0.272329268,1.193543,0.265245,c>d>a>e>f>b,2.0,5.0,0.0,1.0,3.0,4.0
0.26257199999999997,-0.48723999999999995,1.014995,-0.272329268,1.193543,0.17131,c>d>a>e>f>b,2.0,5.0,0.0,1.0,3.0,4.0
0.471833,-0.48723999999999995,1.014995,-0.272329268,1.193543,-0.765188,c>d>a>e>f>b,2.0,5.0,0.0,1.0,3.0,4.0
4.038608999999999,-0.48723999999999995,1.014995,-0.272329268,1.193543,-1.183624,c>d>a>e>f>b,2.0,5.0,0.0,1.0,3.0,4.0
0.7327779999999999,-0.48723999999999995,1.014995,-0.272329268,1.193543,-0.615747,c>d>e>a>f>b,3.0,5.0,0.0,1.0,2.0,4.0
2.4917119999999997,-0.48723999999999995,1.014995,-0.272329268,1.193543,-0.423608,c>d>a>e>f>b,2.0,5.0,0.0,1.0,3.0,4.0
1.2349729999999999,-0.48723999999999995,1.014995,-0.272329268,1.193543,0.083069,c>d>a>e>f>b,2.0,5.0,0.0,1.0,3.0,4.0
0.6954779999999999,-0.48723999999999995,1.014995,-0.272329268,1.193543,0.16988699999999998,c>d>a>e>f>b,2.0,5.0,0.0,1.0,3.0,4.0
2.463299,-0.48723999999999995,1.014995,-0.272329268,1.193543,-1.331642,c>d>a>e>f>b,2.0,5.0,0.0,1.0,3.0,4.0
4.408008000000001,-0.48723999999999995,1.014995,-0.272329268,1.193543,-1.07261,c>d>e>a>f>b,3.0,5.0,0.0,1.0,2.0,4.0
7.476247,-0.48723999999999995,1.014995,-0.272329268,1.193543,-0.856276,c>d>a>e>f>b,2.0,5.0,0.0,1.0,3.0,4.0
1.9883259999999998,-0.48723999999999995,1.014995,-0.272329268,0.9001299999999999,-3.055198,c>d>a>e>f>b,2.0,5.0,0.0,1.0,3.0,4.0
0.969311,-0.48723999999999995,1.014995,-0.272329268,0.9001299999999999,-0.9630200000000001,c>d>a>e>f>b,2.0,5.0,0.0,1.0,3.0,4.0
0.44066099999999997,-0.48723999999999995,1.014995,-0.272329268,0.365083,-0.950211,c>d>a>e>f>b,2.0,5.0,0.0,1.0,3.0,4.0
1.258469,-0.48723999999999995,1.014995,-0.272329268,0.365083,0.807503,c>d>a>e>b>f,2.0,4.0,0.0,1.0,3.0,5.0
5.524853,-0.48723999999999995,1.014995,-0.272329268,0.365083,-0.7509560000000001,c>d>a>e>b>f,2.0,4.0,0.0,1.0,3.0,5.0
1.213407,-0.48723999999999995,1.014995,-0.272329268,0.365083,0.5299689999999999,c>d>a>e>b>f,2.0,4.0,0.0,1.0,3.0,5.0
1.766831,-0.48723999999999995,1.014995,-0.272329268,0.365083,-2.357805,c>d>a>e>b>f,2.0,4.0,0.0,1.0,3.0,5.0
2.9113700000000002,-0.48723999999999995,1.014995,-0.272329268,0.365083,-1.607752,c>d>a>e>b>f,2.0,4.0,0.0,1.0,3.0,5.0
4.898257,-0.48723999999999995,1.014995,-0.272329268,1.193543,-2.51294,c>d>a>e>b>f,2.0,4.0,0.0,1.0,3.0,5.0
1.6823810000000001,-0.48723999999999995,1.014995,-0.272329268,1.072726,0.212585,c>d>a>e>b>f,2.0,4.0,0.0,1.0,3.0,5.0
0.839463,-0.48723999999999995,1.014995,-0.272329268,1.072726,0.7078760000000001,c>d>e>a>b>f,3.0,4.0,0.0,1.0,2.0,5.0
2.5957049999999997,-0.48723999999999995,1.014995,-0.272329268,1.072726,-1.3956879999999998,c>d>e>a>b>f,3.0,4.0,0.0,1.0,2.0,5.0
8.128839,-0.48723999999999995,1.014995,-0.272329268,1.072726,-0.46630600000000005,c>d>a>e>b>f,2.0,4.0,0.0,1.0,3.0,5.0
0.953175,-0.48723999999999995,1.014995,-0.272329268,1.4092870000000002,0.767652,c>d>e>a>b>f,3.0,4.0,0.0,1.0,2.0,5.0
0.868899,-0.48723999999999995,1.014995,-0.272329268,1.4092870000000002,0.17985,c>d>a>e>f>b,2.0,5.0,0.0,1.0,3.0,4.0
0.396332,-0.48723999999999995,1.014995,-0.272329268,1.4092870000000002,-0.396566,c>d>a>e>f>b,2.0,5.0,0.0,1.0,3.0,4.0
0.9806,-0.48723999999999995,1.014995,-0.272329268,0.511789,-0.90609,c>d>e>a>f>b,3.0,5.0,0.0,1.0,2.0,4.0
0.399567,-0.48723999999999995,1.014995,-0.272329268,0.511789,-0.258511,c>d>e>a>b>f,3.0,4.0,0.0,1.0,2.0,5.0
0.602054,-0.48723999999999995,1.014995,-0.272329268,0.252895,-1.0242200000000001,c>d>e>a>b>f,3.0,4.0,0.0,1.0,2.0,5.0
1.4237879999999998,-0.48723999999999995,1.014995,-0.272329268,1.072726,-0.553124,c>d>a>e>b>f,2.0,4.0,0.0,1.0,3.0,5.0
1.003736,-0.48723999999999995,1.014995,-0.272329268,0.252895,-0.637096,c>d>e>a>b>f,3.0,4.0,0.0,1.0,2.0,5.0
3.9584019999999995,-0.48723999999999995,1.014995,-0.272329268,1.072726,-0.11760899999999999,c>d>e>a>b>f,3.0,4.0,0.0,1.0,2.0,5.0
0.436385,-0.48723999999999995,1.014995,-0.272329268,1.072726,-0.130419,c>d>e>a>b>f,3.0,4.0,0.0,1.0,2.0,5.0
0.665621,-0.48723999999999995,1.014995,-0.272329268,1.072726,0.135729,c>d>a>e>b>f,2.0,4.0,0.0,1.0,3.0,5.0
0.567178,-0.48723999999999995,1.014995,-0.272329268,0.252895,0.090185,c>d>e>a>b>f,3.0,4.0,0.0,1.0,2.0,5.0
0.7497229999999999,-0.48723999999999995,1.014995,-0.272329268,0.252895,0.780461,c>d>a>e>b>f,2.0,4.0,0.0,1.0,3.0,5.0
0.329072,-0.48723999999999995,1.014995,-0.272329268,0.252895,0.199775,c>d>e>a>b>f,3.0,4.0,0.0,1.0,2.0,5.0
0.22874299999999997,-0.48723999999999995,1.014995,-0.272329268,1.3661379999999999,0.21543099999999998,c>d>e>a>b>f,3.0,4.0,0.0,1.0,2.0,5.0
1.197445,-0.48723999999999995,1.014995,-0.272329268,1.3661379999999999,-0.10907,c>d>a>e>b>f,2.0,4.0,0.0,1.0,3.0,5.0
0.8773860000000001,-0.48723999999999995,1.014995,-0.272329268,1.599143,0.49011800000000005,c>d>a>e>b>f,2.0,4.0,0.0,1.0,3.0,5.0
1.256434,-0.48723999999999995,1.014995,-0.272329268,1.599143,0.251012,c>d>a>e>b>f,2.0,4.0,0.0,1.0,3.0,5.0
1.344372,-0.48723999999999995,1.014995,-0.272329268,1.599143,-0.188772,c>d>a>e>b>f,2.0,4.0,0.0,1.0,3.0,5.0
1.170089,-0.48723999999999995,1.014995,-0.272329268,1.599143,-0.49761700000000003,c>d>e>a>b>f,3.0,4.0,0.0,1.0,2.0,5.0
0.671636,-0.48723999999999995,1.014995,-0.272329268,1.599143,-0.9359780000000001,c>d>a>e>f>b,2.0,5.0,0.0,1.0,3.0,4.0
2.143519,-0.48723999999999995,1.014995,-0.272329268,1.599143,-0.664137,c>d>a>e>f>b,2.0,5.0,0.0,1.0,3.0,4.0
0.710414,-0.48723999999999995,1.014995,-0.272329268,1.599143,0.172734,c>d>a>e>f>b,2.0,5.0,0.0,1.0,3.0,4.0
0.23865999999999998,-0.48723999999999995,1.014995,-0.272329268,1.599143,-0.093414,c>d>a>e>f>b,2.0,5.0,0.0,1.0,3.0,4.0
0.73859,-0.48723999999999995,1.014995,-0.272329268,1.599143,0.28517,c>d>a>e>f>b,2.0,5.0,0.0,1.0,3.0,4.0
1.06827,-0.48723999999999995,1.014995,-0.272329268,1.599143,-0.6129,c>d>a>e>b>f,2.0,4.0,0.0,1.0,3.0,5.0
0.8205819999999999,-0.48723999999999995,1.014995,-0.272329268,1.599143,0.248166,c>d>a>e>b>f,2.0,4.0,0.0,1.0,3.0,5.0
0.310938,-0.48723999999999995,1.014995,-0.272329268,1.599143,0.080222,c>d>a>e>f>b,2.0,5.0,0.0,1.0,3.0,4.0
0.733743,-0.48723999999999995,1.014995,-0.272329268,1.599143,-0.047869999999999996,c>d>a>e>f>b,2.0,5.0,0.0,1.0,3.0,4.0
0.664481,-0.48723999999999995,1.014995,-0.272329268,1.3661379999999999,-0.141805,c>d>a>e>f>b,2.0,5.0,0.0,1.0,3.0,4.0
0.454859,-0.48723999999999995,1.014995,-0.272329268,1.3661379999999999,0.188389,c>d>a>e>f>b,2.0,5.0,0.0,1.0,3.0,4.0
0.360888,-0.48723999999999995,1.014995,-0.272329268,1.3661379999999999,0.6609079999999999,c>d>a>e>b>f,2.0,4.0,0.0,1.0,3.0,5.0
0.212475,-0.48723999999999995,1.014995,-0.272329268,1.3661379999999999,0.527123,c>d>a>e>f>b,2.0,5.0,0.0,1.0,3.0,4.0
0.171672,-0.48723999999999995,1.014995,-0.272329268,1.3661379999999999,0.017599,c>d>a>e>f>b,2.0,5.0,0.0,1.0,3.0,4.0
0.538806,-0.48723999999999995,1.014995,-0.272329268,1.3661379999999999,1.577482,c>d>a>e>f>b,2.0,5.0,0.0,1.0,3.0,4.0
0.685936,-0.48723999999999995,1.014995,-0.272329268,1.3661379999999999,0.63102,c>d>a>e>b>f,2.0,4.0,0.0,1.0,3.0,5.0
0.1324,-0.48723999999999995,1.014995,-0.272329268,1.3661379999999999,0.3421,c>d>e>a>b>f,3.0,4.0,0.0,1.0,2.0,5.0
0.122688,-0.48723999999999995,1.014995,-0.272329268,1.3661379999999999,-0.43926400000000004,c>d>e>a>b>f,3.0,4.0,0.0,1.0,2.0,5.0
0.533283,-0.48723999999999995,1.014995,-0.272329268,1.3661379999999999,-0.49619399999999997,c>d>e>a>b>f,3.0,4.0,0.0,1.0,2.0,5.0
0.481158,-0.48723999999999995,1.014995,-0.272329268,1.3661379999999999,0.023292,c>d>e>a>b>f,3.0,4.0,0.0,1.0,2.0,5.0
0.37059000000000003,-0.48723999999999995,1.014995,-0.272329268,1.3661379999999999,-0.289823,c>d>e>a>f>b,3.0,5.0,0.0,1.0,2.0,4.0
0.139348,-0.48723999999999995,1.014995,-0.272329268,1.3661379999999999,0.592592,c>d>e>a>b>f,3.0,4.0,0.0,1.0,2.0,5.0
0.009253,-0.48723999999999995,1.014995,-0.272329268,1.3661379999999999,0.13003599999999998,c>d>e>a>f>b,3.0,5.0,0.0,1.0,2.0,4.0
0.353587,-0.48723999999999995,1.014995,-0.272329268,1.3661379999999999,0.046064,c>d>e>a>f>b,3.0,5.0,0.0,1.0,2.0,4.0
0.256655,-0.48723999999999995,1.014995,-0.272329268,1.3661379999999999,0.325021,c>d>e>a>f>b,3.0,5.0,0.0,1.0,2.0,4.0
0.49128299999999997,-0.48723999999999995,1.014995,-0.272329268,0.865611,-0.107647,c>d>e>f>a>b,4.0,5.0,0.0,1.0,2.0,3.0
-0.052307000000000006,-0.48723999999999995,1.014995,-0.272329268,0.865611,-0.748109,c>d>e>f>b>a,5.0,4.0,0.0,1.0,2.0,3.0
0.018771,-0.48723999999999995,1.014995,-0.272329268,0.865611,-0.473422,c>d>e>a>b>f,3.0,4.0,0.0,1.0,2.0,5.0
0.094025,-0.48723999999999995,1.014995,-0.272329268,0.252895,-0.400836,c>d>a>e>f>b,2.0,5.0,0.0,1.0,3.0,4.0
1.390701,-0.48723999999999995,1.014995,-0.272329268,0.21837600000000001,-0.510426,c>d>e>f>a>b,4.0,5.0,0.0,1.0,2.0,3.0
1.0999860000000001,-0.48723999999999995,1.014995,-0.272329268,0.21837600000000001,-0.8135789999999999,c>d>e>f>a>b,4.0,5.0,0.0,1.0,2.0,3.0
0.085481,-0.48723999999999995,1.014995,-0.272329268,0.21837600000000001,-0.167423,c>d>e>a>f>b,3.0,5.0,0.0,1.0,2.0,4.0
0.049397,-0.48723999999999995,1.014995,-0.272329268,-0.195854,-0.079182,c>d>e>a>f>b,3.0,5.0,0.0,1.0,2.0,4.0
-0.005213000000000001,-0.48723999999999995,1.014995,-0.272329268,0.21837600000000001,0.216854,c>d>e>f>a>b,4.0,5.0,0.0,1.0,2.0,3.0
0.120137,-0.48723999999999995,1.014995,-0.272329268,0.511789,0.9896790000000001,c>d>e>f>a>b,4.0,5.0,0.0,1.0,2.0,3.0
0.51645,-0.48723999999999995,1.014995,-0.272329268,0.252895,-1.220628,c>d>a>e>f>b,2.0,5.0,0.0,1.0,3.0,4.0
0.323151,-0.48723999999999995,1.014995,-0.272329268,0.252895,-0.174539,c>d>a>e>f>b,2.0,5.0,0.0,1.0,3.0,4.0
0.14624,-0.48723999999999995,1.014995,-0.272329268,0.511789,0.28374699999999997,c>d>a>e>f>b,2.0,5.0,0.0,1.0,3.0,4.0
1.326491,-0.48723999999999995,1.014995,-0.272329268,0.511789,-1.3956879999999998,c>d>a>e>f>b,2.0,5.0,0.0,1.0,3.0,4.0
0.769568,-0.48723999999999995,1.014995,-0.272329268,0.511789,-0.141805,c>d>a>e>f>b,2.0,5.0,0.0,1.0,3.0,4.0
1.246308,-0.48723999999999995,1.014995,-0.272329268,0.511789,-0.079182,c>d>e>a>f>b,3.0,5.0,0.0,1.0,2.0,4.0
0.25698699999999997,-0.48723999999999995,1.014995,-0.272329268,-0.195854,-0.060679,c>d>e>f>a>b,4.0,5.0,0.0,1.0,2.0,3.0
0.24352100000000002,-0.48723999999999995,1.014995,-0.272329268,-0.195854,0.6623319999999999,c>d>e>f>a>b,4.0,5.0,0.0,1.0,2.0,3.0
0.246193,-0.48723999999999995,1.014995,-0.272329268,-0.195854,1.104963,c>d>e>f>a>b,4.0,5.0,0.0,1.0,2.0,3.0
-0.092442,-0.48723999999999995,1.014995,-0.272329268,-0.195854,-0.74384,c>d>e>f>b>a,5.0,4.0,0.0,1.0,2.0,3.0
-0.143573,-0.48723999999999995,1.014995,-0.272329268,0.24426599999999998,-0.588705,c>d>e>f>b>a,5.0,4.0,0.0,1.0,2.0,3.0
0.006993000000000001,-0.48723999999999995,1.014995,-0.272329268,0.24426599999999998,0.038948,c>d>e>f>b>a,5.0,4.0,0.0,1.0,2.0,3.0
0.24161100000000002,-0.48723999999999995,1.014995,-0.272329268,0.24426599999999998,-0.24285500000000002,c>d>e>a>f>b,3.0,5.0,0.0,1.0,2.0,4.0
0.142085,-0.48723999999999995,1.014995,-0.272329268,0.24426599999999998,-0.540315,c>d>e>f>b>a,5.0,4.0,0.0,1.0,2.0,3.0
-0.402563,-0.48723999999999995,2.42017,-0.272329268,0.46863999999999995,-1.182201,d>a>e>f>c>b,1.0,5.0,4.0,0.0,2.0,3.0
-0.398783,-0.48723999999999995,2.42017,-0.272329268,0.46863999999999995,-1.239131,d>a>e>f>c>b,1.0,5.0,4.0,0.0,2.0,3.0
-0.395983,-0.48723999999999995,2.42017,-0.272329268,0.46863999999999995,-1.6959939999999998,d>a>e>f>c>b,1.0,5.0,4.0,0.0,2.0,3.0
-0.40780900000000003,-0.48723999999999995,2.42017,-0.272329268,0.46863999999999995,-0.42930100000000004,d>a>e>f>c>b,1.0,5.0,4.0,0.0,2.0,3.0
-0.40715999999999997,-0.48723999999999995,2.42017,-0.272329268,0.46863999999999995,-0.42930100000000004,d>e>a>f>c>b,2.0,5.0,4.0,0.0,1.0,3.0
-0.399953,-0.48723999999999995,-0.21089000000000002,-0.272329268,0.261525,-0.822118,f>e>d>c>a>b,4.0,5.0,3.0,2.0,1.0,0.0
-0.38759899999999997,-0.48723999999999995,-0.21089000000000002,-0.272329268,0.261525,-0.510426,f>e>d>c>b>a,5.0,4.0,3.0,2.0,1.0,0.0
-0.399293,-0.48723999999999995,-0.21089000000000002,-0.272329268,0.261525,-0.8747790000000001,f>e>d>c>b>a,5.0,4.0,3.0,2.0,1.0,0.0
-0.38643299999999997,-0.48723999999999995,-0.21089000000000002,-0.272329268,0.261525,-1.273289,f>e>a>d>c>b,2.0,5.0,4.0,3.0,1.0,0.0
-0.3889,-0.48723999999999995,-0.21089000000000002,-0.272329268,0.261525,-0.698295,f>e>a>d>c>b,2.0,5.0,4.0,3.0,1.0,0.0
-0.392302,-0.48723999999999995,-0.21089000000000002,-0.272329268,0.261525,-0.378064,f>e>d>a>c>b,3.0,5.0,4.0,2.0,1.0,0.0
-0.399427,-0.48723999999999995,-0.21089000000000002,-0.272329268,0.261525,-1.018527,f>e>a>d>c>b,2.0,5.0,4.0,3.0,1.0,0.0
-0.394016,-0.48723999999999995,-0.21089000000000002,-0.272329268,0.261525,-0.366678,f>a>e>d>c>b,1.0,5.0,4.0,3.0,2.0,0.0
-0.41281999999999996,-0.48723999999999995,0.115624,-0.272329268,0.157968,0.438881,e>f>a>b>d>c,2.0,3.0,5.0,4.0,0.0,1.0
-0.414839,-0.48723999999999995,0.115624,-0.272329268,0.157968,-0.234316,e>f>a>b>d>c,2.0,3.0,5.0,4.0,0.0,1.0
-0.413038,-0.48723999999999995,0.115624,-0.272329268,0.157968,0.983986,e>a>f>b>d>c,1.0,3.0,5.0,4.0,0.0,2.0
-0.40736100000000003,-0.48723999999999995,0.115624,-0.272329268,0.157968,0.724955,e>a>f>b>d>c,1.0,3.0,5.0,4.0,0.0,2.0
-0.41458999999999996,-0.48723999999999995,0.115624,-0.272329268,0.157968,-0.362408,e>f>a>b>d>c,2.0,3.0,5.0,4.0,0.0,1.0
