A1,A2,A3,A4,A5,ranking,a,b,c,d,e
-1.924447,0.575222,0.016674,-0.41964300000000004,0.000801,d>a>b>c>e,1.0,2.0,3.0,0.0,4.0
-1.8619919999999999,0.652129,0.337144,-0.24129099999999998,0.079475,d>a>b>c>e,1.0,2.0,3.0,0.0,4.0
-1.8111540000000002,0.608182,0.42870699999999995,-0.263585,0.070733,d>a>b>e>c,1.0,2.0,4.0,0.0,3.0
-1.789406,0.663116,0.47448900000000005,-0.24129099999999998,0.12318299999999999,d>a>b>e>c,1.0,2.0,4.0,0.0,3.0
-1.904093,0.44338,0.47448900000000005,-0.709464,-0.077874,d>a>b>e>c,1.0,2.0,4.0,0.0,3.0
-1.8417310000000002,0.44338,0.29136300000000004,-0.620289,-0.086616,d>a>b>e>c,1.0,2.0,4.0,0.0,3.0
-1.799537,0.47634099999999996,0.15401800000000002,-0.5088189999999999,-0.007941,d>a>b>e>c,1.0,2.0,4.0,0.0,3.0
-1.789406,0.542261,0.1998,-0.41964300000000004,0.061992,d>a>b>e>c,1.0,2.0,4.0,0.0,3.0
-1.799537,0.509301,0.10823699999999999,-0.375055,0.061992,a>d>b>e>c,0.0,2.0,4.0,1.0,3.0
-1.753067,0.575222,0.15401800000000002,-0.263585,0.070733,a>d>b>e>c,0.0,2.0,4.0,1.0,3.0
-1.758923,0.553248,0.337144,-0.24129099999999998,0.08821699999999999,a>d>b>e>c,0.0,2.0,4.0,1.0,3.0
-1.753067,0.509301,0.47448900000000005,-0.17440899999999998,0.027025,a>d>b>e>c,0.0,2.0,4.0,1.0,3.0
-1.7850380000000001,0.465354,0.10823699999999999,-0.330467,-0.034166,d>a>b>e>c,1.0,2.0,4.0,0.0,3.0
-1.8111540000000002,0.465354,-0.12067,-0.352761,-0.034166,a>d>b>e>c,0.0,2.0,4.0,1.0,3.0
-1.753067,0.553248,-0.12067,-0.330467,-0.034166,a>d>b>e>c,0.0,2.0,4.0,1.0,3.0
-1.665984,0.553248,-0.212233,-0.24129099999999998,-0.007941,d>a>b>e>c,1.0,2.0,4.0,0.0,3.0
-1.6761139999999999,0.542261,-0.166452,-0.129821,0.000801,a>d>b>e>c,0.0,2.0,4.0,1.0,3.0
-1.706598,0.542261,-0.029107,0.11541199999999999,0.027025,d>a>b>e>c,1.0,2.0,4.0,0.0,3.0
-1.6761139999999999,0.619169,0.016674,0.20458800000000002,0.070733,a>d>b>e>c,0.0,2.0,4.0,1.0,3.0
-1.6355,0.7290369999999999,0.062456,0.29376399999999997,0.184375,a>d>b>e>c,0.0,2.0,4.0,1.0,3.0
-1.613659,0.761997,0.062456,0.20458800000000002,0.17563299999999998,a>d>b>e>c,0.0,2.0,4.0,1.0,3.0
-1.625276,0.8169310000000001,0.1998,0.137706,0.193116,a>d>b>e>c,0.0,2.0,4.0,1.0,3.0
-1.619514,0.860878,0.1998,0.11541199999999999,0.166891,a>d>b>e>c,0.0,2.0,4.0,1.0,3.0
-1.613659,0.860878,0.15401800000000002,0.070824,0.166891,a>d>b>e>c,0.0,2.0,4.0,1.0,3.0
-1.6355,0.8389040000000001,0.10823699999999999,0.026236000000000002,0.1057,a>d>b>e>c,0.0,2.0,4.0,1.0,3.0
-1.6761139999999999,0.783971,0.062456,-0.062939,0.035767,a>d>b>e>c,0.0,2.0,4.0,1.0,3.0
-1.629645,0.7510100000000001,0.10823699999999999,-0.040645,0.05325,a>d>b>e>c,0.0,2.0,4.0,1.0,3.0
-1.583175,0.772984,0.1998,-0.018351,0.079475,a>d>b>e>c,0.0,2.0,4.0,1.0,3.0
-1.583175,0.71805,0.10823699999999999,0.11541199999999999,0.079475,a>d>b>e>c,0.0,2.0,4.0,1.0,3.0
-1.5671899999999999,0.7510100000000001,0.15401800000000002,0.338352,0.096958,a>d>b>e>c,0.0,2.0,4.0,1.0,3.0
-1.546929,0.772984,0.15401800000000002,0.27147,0.079475,a>d>b>e>c,0.0,2.0,4.0,1.0,3.0
-1.552691,0.827918,0.062456,0.137706,0.05325,a>d>b>e>c,0.0,2.0,4.0,1.0,3.0
-1.583175,0.740023,-0.029107,0.182294,0.035767,a>d>b>e>c,0.0,2.0,4.0,1.0,3.0
-1.546929,0.772984,0.10823699999999999,0.137706,0.096958,a>d>b>e>c,0.0,2.0,4.0,1.0,3.0
-1.542561,0.794957,0.15401800000000002,0.182294,0.14940799999999999,d>a>b>e>c,1.0,2.0,4.0,0.0,3.0
-1.552691,0.805944,0.47448900000000005,0.27147,0.166891,d>a>b>e>c,1.0,2.0,4.0,0.0,3.0
-1.546929,0.761997,0.42870699999999995,0.249176,0.184375,d>a>b>e>c,1.0,2.0,4.0,0.0,3.0
-1.542561,0.7290369999999999,0.1998,0.182294,0.166891,d>a>b>e>c,1.0,2.0,4.0,0.0,3.0
-1.562915,0.7290369999999999,0.245581,0.070824,0.17563299999999998,d>a>b>e>c,1.0,2.0,4.0,0.0,3.0
-1.562915,0.7510100000000001,0.1998,0.27147,0.184375,d>a>b>e>c,1.0,2.0,4.0,0.0,3.0
-1.583175,0.772984,0.337144,0.249176,0.166891,d>a>b>e>c,1.0,2.0,4.0,0.0,3.0
-1.625276,0.783971,0.29136300000000004,0.27147,0.140666,a>d>b>e>c,0.0,2.0,4.0,1.0,3.0
-1.603529,0.827918,0.29136300000000004,0.29376399999999997,0.14940799999999999,a>d>b>e>c,0.0,2.0,4.0,1.0,3.0
-1.58903,0.871865,0.245581,0.29376399999999997,0.166891,a>d>b>e>c,0.0,2.0,4.0,1.0,3.0
-1.5671899999999999,0.9267989999999999,0.1998,0.249176,0.166891,a>d>b>e>c,0.0,2.0,4.0,1.0,3.0
-1.5671899999999999,0.8828520000000001,0.29136300000000004,0.182294,0.20185799999999998,d>a>b>e>c,1.0,2.0,4.0,0.0,3.0
-1.562915,0.805944,0.42870699999999995,0.16,0.15815,d>a>b>e>c,1.0,2.0,4.0,0.0,3.0
-1.557059,0.794957,0.1998,-0.062939,0.114442,d>a>b>e>c,1.0,2.0,4.0,0.0,3.0
-1.562915,0.794957,0.1998,0.09311799999999999,0.079475,d>a>b>e>c,1.0,2.0,4.0,0.0,3.0
-1.546929,0.860878,0.42870699999999995,0.048530000000000004,0.08821699999999999,d>a>b>e>c,1.0,2.0,4.0,0.0,3.0
-1.5105899999999999,0.8828520000000001,0.703396,0.048530000000000004,0.1057,d>a>b>e>c,1.0,2.0,4.0,0.0,3.0
-1.52072,0.9707459999999999,0.8865219999999999,0.22688200000000003,0.131925,d>a>b>e>c,1.0,2.0,4.0,0.0,3.0
-1.506222,1.036667,1.619025,0.338352,0.193116,d>a>b>e>c,1.0,2.0,4.0,0.0,3.0
-1.480106,1.157521,2.305746,0.49441,0.20185799999999998,d>a>b>e>c,1.0,2.0,4.0,0.0,3.0
-1.5105899999999999,1.245415,2.351528,0.42752799999999996,0.15815,d>a>b>e>c,1.0,2.0,4.0,0.0,3.0
-1.52072,1.278376,1.8937130000000002,0.449822,0.193116,d>a>b>c>e,1.0,2.0,3.0,0.0,4.0
-1.5671899999999999,1.2124549999999998,1.80215,0.42752799999999996,0.193116,d>a>b>e>c,1.0,2.0,4.0,0.0,3.0
-1.609384,1.069627,1.527462,0.338352,0.20185799999999998,d>a>b>e>c,1.0,2.0,4.0,0.0,3.0
-1.583175,0.959759,1.435899,0.16,0.1057,d>a>b>e>c,1.0,2.0,4.0,0.0,3.0
-1.5933979999999999,0.9707459999999999,1.939495,0.003943,0.05325,d>a>b>c>e,1.0,2.0,3.0,0.0,4.0
-1.578807,0.904825,2.076839,-0.107527,0.070733,d>a>b>e>c,1.0,2.0,4.0,0.0,3.0
-1.603529,0.827918,1.710588,-0.24129099999999998,0.044509,d>a>b>e>c,1.0,2.0,4.0,0.0,3.0
-1.603529,0.794957,1.6648060000000002,-0.152115,0.061992,d>a>b>c>e,1.0,2.0,3.0,0.0,4.0
-1.671746,0.740023,1.619025,-0.21899699999999997,0.070733,d>a>b>e>c,1.0,2.0,4.0,0.0,3.0
-1.625276,0.7510100000000001,1.619025,-0.062939,0.12318299999999999,d>a>b>c>e,1.0,2.0,3.0,0.0,4.0
-1.573045,0.8938379999999999,1.939495,0.09311799999999999,0.23682399999999998,a>d>b>e>c,0.0,2.0,4.0,1.0,3.0
-1.5933979999999999,0.9377850000000001,1.847932,0.026236000000000002,0.263049,a>d>b>e>c,0.0,2.0,4.0,1.0,3.0
-1.5671899999999999,1.014693,1.80215,0.070824,0.280532,a>d>b>e>c,0.0,2.0,4.0,1.0,3.0
-1.5671899999999999,0.9377850000000001,1.8937130000000002,0.026236000000000002,0.332982,a>d>b>e>c,0.0,2.0,4.0,1.0,3.0
-1.5671899999999999,0.9267989999999999,1.8937130000000002,-0.018351,0.315499,a>d>b>e>c,0.0,2.0,4.0,1.0,3.0
-1.5671899999999999,0.959759,1.7563689999999998,-0.018351,0.34172399999999997,a>d>b>e>c,0.0,2.0,4.0,1.0,3.0
-1.625276,0.8938379999999999,1.206992,-0.285879,0.21059899999999998,a>d>b>e>c,0.0,2.0,4.0,1.0,3.0
-1.619514,0.849891,1.206992,-0.44193699999999997,0.23682399999999998,a>d>b>e>c,0.0,2.0,4.0,1.0,3.0
-1.6499979999999999,0.8389040000000001,1.16121,-0.486525,0.23682399999999998,a>d>b>e>c,0.0,2.0,4.0,1.0,3.0
-1.665984,0.8389040000000001,1.115429,-0.46423100000000006,0.21934099999999998,a>d>b>e>c,0.0,2.0,4.0,1.0,3.0
-1.665984,0.849891,1.023866,-0.486525,0.20185799999999998,a>d>b>e>c,0.0,2.0,4.0,1.0,3.0
-1.6499979999999999,0.794957,0.9323030000000001,-0.486525,0.21059899999999998,a>d>b>e>c,0.0,2.0,4.0,1.0,3.0
-1.639868,0.904825,1.115429,-0.39734899999999995,0.21934099999999998,a>d>b>e>c,0.0,2.0,4.0,1.0,3.0
-1.583175,0.9267989999999999,1.069647,-0.330467,0.23682399999999998,a>d>b>e>c,0.0,2.0,4.0,1.0,3.0
-1.58903,0.948772,1.069647,-0.39734899999999995,0.263049,a>d>b>e>c,0.0,2.0,4.0,1.0,3.0
-1.578807,0.948772,1.16121,-0.44193699999999997,0.271791,a>d>b>e>c,0.0,2.0,4.0,1.0,3.0
-1.532338,0.948772,1.023866,-0.486525,0.22808299999999998,a>d>b>e>c,0.0,2.0,4.0,1.0,3.0
-1.542561,0.959759,0.8407399999999999,-0.5088189999999999,0.21059899999999998,a>d>b>e>c,0.0,2.0,4.0,1.0,3.0
-1.532338,0.992719,0.8865219999999999,-0.375055,0.22808299999999998,a>d>b>e>c,0.0,2.0,4.0,1.0,3.0
-1.480106,1.113574,0.9780840000000001,-0.285879,0.23682399999999998,a>d>b>e>c,0.0,2.0,4.0,1.0,3.0
-1.496091,0.992719,0.8865219999999999,-0.24129099999999998,0.23682399999999998,a>d>b>e>c,0.0,2.0,4.0,1.0,3.0
-1.5105899999999999,1.003706,0.703396,-0.39734899999999995,0.21059899999999998,a>d>b>e>c,0.0,2.0,4.0,1.0,3.0
-1.5004600000000001,0.9707459999999999,0.7491770000000001,-0.375055,0.131925,a>d>b>e>c,0.0,2.0,4.0,1.0,3.0
-1.516445,0.981733,0.703396,-0.308173,0.140666,a>d>b>e>c,0.0,2.0,4.0,1.0,3.0
-1.506222,1.003706,0.657614,-0.285879,0.22808299999999998,a>d>b>e>c,0.0,2.0,4.0,1.0,3.0
-1.526575,0.9377850000000001,0.611833,-0.352761,0.20185799999999998,a>d>b>e>c,0.0,2.0,4.0,1.0,3.0
-1.526575,0.849891,0.52027,-0.486525,0.193116,a>d>b>e>c,0.0,2.0,4.0,1.0,3.0
-1.469976,0.9158120000000001,0.611833,-0.5088189999999999,0.14940799999999999,a>d>b>e>c,0.0,2.0,4.0,1.0,3.0
-1.45399,0.9707459999999999,0.703396,-0.41964300000000004,0.15815,a>d>b>e>c,0.0,2.0,4.0,1.0,3.0
-1.4393989999999999,0.904825,0.611833,-0.5088189999999999,0.114442,a>d>b>e>c,0.0,2.0,4.0,1.0,3.0
-1.480106,0.805944,0.38292600000000004,-0.5311130000000001,0.079475,a>d>b>e>c,0.0,2.0,4.0,1.0,3.0
-1.5004600000000001,0.8389040000000001,0.337144,-0.642583,0.061992,a>d>b>c>e,0.0,2.0,3.0,1.0,4.0
-1.4393989999999999,0.9267989999999999,0.42870699999999995,-0.620289,0.044509,a>d>b>e>c,0.0,2.0,4.0,1.0,3.0
-1.387167,0.871865,0.337144,-0.664876,-0.042908,a>d>b>e>c,0.0,2.0,4.0,1.0,3.0
-1.299991,0.849891,0.42870699999999995,-0.5311130000000001,-0.016683,a>d>b>e>c,0.0,2.0,4.0,1.0,3.0
-1.310214,0.849891,0.42870699999999995,-0.620289,-0.025424000000000002,a>d>b>c>e,0.0,2.0,3.0,1.0,4.0
-1.314582,0.794957,0.566051,-0.820934,-0.051649,a>d>b>c>e,0.0,2.0,3.0,1.0,4.0
-1.299991,0.794957,0.42870699999999995,-0.9546979999999999,-0.09535700000000001,a>d>b>c>e,0.0,2.0,3.0,1.0,4.0
-1.2535209999999999,0.8938379999999999,0.42870699999999995,-0.776346,-0.09535700000000001,a>d>b>c>e,0.0,2.0,3.0,1.0,4.0
-1.247759,0.8169310000000001,0.47448900000000005,-0.41964300000000004,-0.077874,a>d>b>c>e,0.0,2.0,3.0,1.0,4.0
-1.2535209999999999,0.783971,0.47448900000000005,-0.5311130000000001,-0.086616,a>d>b>c>e,0.0,2.0,3.0,1.0,4.0
-1.247759,0.772984,0.38292600000000004,-0.620289,-0.034166,a>d>b>e>c,0.0,2.0,4.0,1.0,3.0
-1.231773,0.827918,0.703396,-0.664876,0.000801,a>d>b>c>e,0.0,2.0,3.0,1.0,4.0
-1.284098,0.772984,0.7491770000000001,-0.731758,0.009542,a>d>b>e>c,0.0,2.0,4.0,1.0,3.0
-1.257889,0.8828520000000001,0.7491770000000001,-0.44193699999999997,0.044509,a>d>b>e>c,0.0,2.0,4.0,1.0,3.0
-1.237629,0.9267989999999999,0.657614,-0.44193699999999997,0.027025,a>d>b>e>c,0.0,2.0,4.0,1.0,3.0
-1.217275,0.9267989999999999,0.703396,-0.308173,0.070733,a>d>b>c>e,0.0,2.0,3.0,1.0,4.0
-1.221643,0.904825,0.8865219999999999,-0.263585,0.096958,a>d>b>c>e,0.0,2.0,3.0,1.0,4.0
-1.195434,0.9707459999999999,0.8865219999999999,-0.107527,0.166891,a>d>b>c>e,0.0,2.0,3.0,1.0,4.0
-1.180936,0.992719,0.9323030000000001,-0.062939,0.184375,a>d>b>c>e,0.0,2.0,3.0,1.0,4.0
-1.284098,0.9707459999999999,0.7491770000000001,-0.062939,0.131925,a>d>b>c>e,0.0,2.0,3.0,1.0,4.0
-1.257889,0.992719,0.8865219999999999,-0.040645,0.131925,d>a>b>c>e,1.0,2.0,3.0,0.0,4.0
-1.2681129999999998,0.8828520000000001,1.023866,-0.196703,0.1057,a>d>b>c>e,0.0,2.0,3.0,1.0,4.0
-1.207052,0.9267989999999999,1.344336,-0.196703,0.140666,d>a>c>b>e,1.0,3.0,2.0,0.0,4.0
-1.134466,0.948772,1.573243,-0.040645,0.21934099999999998,d>a>c>b>e,1.0,3.0,2.0,0.0,4.0
-1.138835,0.849891,1.619025,-0.152115,0.21934099999999998,d>a>c>b>e,1.0,3.0,2.0,0.0,4.0
-1.138835,0.805944,1.4816799999999999,-0.196703,0.22808299999999998,d>a>c>b>e,1.0,3.0,2.0,0.0,4.0
-1.138835,0.849891,1.344336,-0.375055,0.184375,d>a>b>c>e,1.0,2.0,3.0,0.0,4.0
-1.138835,0.849891,1.390117,-0.285879,0.21059899999999998,d>a>b>c>e,1.0,2.0,3.0,0.0,4.0
-1.124336,0.772984,1.069647,-0.24129099999999998,0.21934099999999998,a>d>b>c>e,0.0,2.0,3.0,1.0,4.0
-1.09822,0.794957,1.115429,-0.107527,0.22808299999999998,d>a>b>c>e,1.0,2.0,3.0,0.0,4.0
-1.0879969999999999,0.794957,1.435899,-0.285879,0.23682399999999998,a>d>c>b>e,0.0,3.0,2.0,1.0,4.0
-1.082235,0.772984,1.573243,-0.330467,0.280532,a>d>c>b>e,0.0,3.0,2.0,1.0,4.0
-1.092365,0.772984,1.298555,-0.39734899999999995,0.24556599999999998,a>d>c>b>e,0.0,3.0,2.0,1.0,4.0
-1.0879969999999999,0.772984,1.390117,-0.263585,0.263049,a>d>b>c>e,0.0,2.0,3.0,1.0,4.0
-1.09822,0.794957,1.390117,-0.263585,0.24556599999999998,a>d>c>b>e,0.0,3.0,2.0,1.0,4.0
-1.0879969999999999,0.8169310000000001,1.4816799999999999,-0.21899699999999997,0.23682399999999998,a>d>c>b>e,0.0,3.0,2.0,1.0,4.0
-1.102496,0.761997,1.344336,-0.375055,0.21934099999999998,a>d>b>c>e,0.0,2.0,3.0,1.0,4.0
-1.0676430000000001,0.794957,1.390117,-0.263585,0.254307,a>d>c>b>e,0.0,3.0,2.0,1.0,4.0
-1.082235,0.827918,1.435899,-0.308173,0.289274,a>d>b>c>e,0.0,2.0,3.0,1.0,4.0
-1.082235,0.860878,1.390117,-0.330467,0.315499,a>d>c>b>e,0.0,3.0,2.0,1.0,4.0
-1.1287040000000002,0.8169310000000001,1.298555,-0.39734899999999995,0.289274,a>d>b>c>e,0.0,2.0,3.0,1.0,4.0
-1.138835,0.8169310000000001,1.252773,-0.486525,0.271791,a>d>c>b>e,0.0,3.0,2.0,1.0,4.0
-1.124336,0.871865,1.252773,-0.375055,0.298016,a>d>b>c>e,0.0,2.0,3.0,1.0,4.0
-1.14469,0.860878,1.115429,-0.46423100000000006,0.263049,a>d>b>c>e,0.0,2.0,3.0,1.0,4.0
-1.148965,0.827918,0.9323030000000001,-0.731758,0.20185799999999998,a>d>b>c>e,0.0,2.0,3.0,1.0,4.0
-1.118481,0.794957,1.023866,-0.709464,0.23682399999999998,a>d>b>c>e,0.0,2.0,3.0,1.0,4.0
-1.0879969999999999,0.794957,0.8407399999999999,-0.68717,0.22808299999999998,a>d>b>c>e,0.0,2.0,3.0,1.0,4.0
-1.124336,0.71805,0.8407399999999999,-0.820934,0.23682399999999998,a>d>b>c>e,0.0,2.0,3.0,1.0,4.0
-1.0618809999999999,0.7290369999999999,0.8865219999999999,-0.731758,0.280532,a>d>b>c>e,0.0,2.0,3.0,1.0,4.0
-1.025542,0.783971,1.252773,-0.731758,0.36794899999999997,a>d>c>b>e,0.0,3.0,2.0,1.0,4.0
-0.9485889999999999,0.794957,1.115429,-0.776346,0.34172399999999997,a>d>b>c>e,0.0,2.0,3.0,1.0,4.0
-0.9428270000000001,0.805944,1.115429,-0.7540520000000001,0.315499,a>d>b>c>e,0.0,2.0,3.0,1.0,4.0
-0.9428270000000001,0.783971,0.9323030000000001,-0.776346,0.332982,a>d>b>c>e,0.0,2.0,3.0,1.0,4.0
-0.9428270000000001,0.7510100000000001,0.9780840000000001,-0.709464,0.298016,a>d>b>c>e,0.0,2.0,3.0,1.0,4.0
-0.9529569999999999,0.7510100000000001,1.023866,-0.642583,0.289274,a>d>b>c>e,0.0,2.0,3.0,1.0,4.0
-1.025542,0.6850890000000001,1.023866,-0.79864,0.280532,a>d>b>c>e,0.0,2.0,3.0,1.0,4.0
-1.0052809999999999,0.630156,0.9323030000000001,-1.066168,0.21059899999999998,a>d>b>c>e,0.0,2.0,3.0,1.0,4.0
-1.0618809999999999,0.608182,0.657614,-1.13305,0.15815,a>d>b>c>e,0.0,2.0,3.0,1.0,4.0
-1.0618809999999999,0.619169,0.7491770000000001,-1.088462,0.15815,a>d>b>c>e,0.0,2.0,3.0,1.0,4.0
-1.0676430000000001,0.575222,0.7491770000000001,-0.8878159999999999,0.14940799999999999,a>d>b>c>e,0.0,2.0,3.0,1.0,4.0
-1.102496,0.520288,0.7491770000000001,-0.9546979999999999,0.12318299999999999,a>d>b>c>e,0.0,2.0,3.0,1.0,4.0
-1.108351,0.48732700000000007,1.023866,-1.13305,0.14940799999999999,a>d>b>c>e,0.0,2.0,3.0,1.0,4.0
-1.082235,0.553248,1.115429,-1.13305,0.131925,a>d>b>c>e,0.0,2.0,3.0,1.0,4.0
-1.102496,0.520288,1.16121,-1.1553440000000001,0.21934099999999998,a>d>b>c>e,0.0,2.0,3.0,1.0,4.0
-1.114113,0.509301,1.115429,-1.1107559999999999,0.254307,a>d>b>c>e,0.0,2.0,3.0,1.0,4.0
-1.148965,0.47634099999999996,0.9323030000000001,-1.13305,0.21059899999999998,a>d>b>c>e,0.0,2.0,3.0,1.0,4.0
-1.1853040000000001,0.454367,0.8865219999999999,-1.177638,0.14940799999999999,a>d>b>c>e,0.0,2.0,3.0,1.0,4.0
-1.09822,0.49831400000000003,1.023866,-1.1107559999999999,0.096958,a>d>b>c>e,0.0,2.0,3.0,1.0,4.0
-1.102496,0.49831400000000003,0.9323030000000001,-1.088462,0.14940799999999999,a>d>b>c>e,0.0,2.0,3.0,1.0,4.0
-1.0879969999999999,0.509301,0.8865219999999999,-1.066168,0.12318299999999999,a>d>b>c>e,0.0,2.0,3.0,1.0,4.0
-1.0618809999999999,0.509301,0.9780840000000001,-1.02158,0.114442,a>d>b>c>e,0.0,2.0,3.0,1.0,4.0
-1.0676430000000001,0.465354,1.390117,-1.043874,0.140666,a>d>b>c>e,0.0,2.0,3.0,1.0,4.0
-1.0879969999999999,0.48732700000000007,1.298555,-1.13305,0.079475,a>d>b>c>e,0.0,2.0,3.0,1.0,4.0
-1.114113,0.509301,1.16121,-1.1107559999999999,0.009542,a>d>b>c>e,0.0,2.0,3.0,1.0,4.0
-1.0676430000000001,0.6850890000000001,1.252773,-0.9546979999999999,0.140666,a>d>b>c>e,0.0,2.0,3.0,1.0,4.0
-1.0676430000000001,0.652129,1.252773,-0.9324040000000001,0.21934099999999998,a>d>b>c>e,0.0,2.0,3.0,1.0,4.0
-1.0560260000000001,0.663116,1.252773,-0.8432280000000001,0.21934099999999998,a>d>b>c>e,0.0,2.0,3.0,1.0,4.0
-1.045896,0.663116,1.252773,-0.8432280000000001,0.24556599999999998,a>d>b>c>e,0.0,2.0,3.0,1.0,4.0
-1.031397,0.663116,1.206992,-0.9101100000000001,0.20185799999999998,a>d>b>c>e,0.0,2.0,3.0,1.0,4.0
-1.015412,0.641142,1.206992,-0.8878159999999999,0.21059899999999998,a>b>d>c>e,0.0,1.0,3.0,2.0,4.0
-0.9529569999999999,0.652129,1.252773,-0.8432280000000001,0.22808299999999998,a>b>d>c>e,0.0,1.0,3.0,2.0,4.0
-0.9428270000000001,0.652129,1.252773,-0.776346,0.280532,a>d>b>c>e,0.0,2.0,3.0,1.0,4.0
-0.963087,0.619169,1.206992,-0.8432280000000001,0.263049,a>d>b>c>e,0.0,2.0,3.0,1.0,4.0
-0.984928,0.641142,1.16121,-0.8432280000000001,0.306757,a>d>b>c>e,0.0,2.0,3.0,1.0,4.0
-0.989296,0.597195,1.16121,-0.8432280000000001,0.263049,a>b>d>c>e,0.0,1.0,3.0,2.0,4.0
-1.0052809999999999,0.586208,1.16121,-0.8878159999999999,0.271791,a>b>d>c>e,0.0,1.0,3.0,2.0,4.0
-1.009557,0.597195,1.115429,-0.8432280000000001,0.289274,a>b>d>c>e,0.0,1.0,3.0,2.0,4.0
-1.035765,0.597195,1.069647,-0.8655219999999999,0.350465,a>d>b>c>e,0.0,2.0,3.0,1.0,4.0
-0.989296,0.564235,0.8407399999999999,-0.79864,0.385432,a>d>b>c>e,0.0,2.0,3.0,1.0,4.0
-0.963087,0.542261,0.9323030000000001,-0.776346,0.42039799999999994,a>d>b>c>e,0.0,2.0,3.0,1.0,4.0
-0.9747049999999999,0.553248,1.115429,-0.68717,0.42913999999999997,a>d>b>c>e,0.0,2.0,3.0,1.0,4.0
-0.9529569999999999,0.553248,1.023866,-0.620289,0.48158999999999996,a>d>b>c>e,0.0,2.0,3.0,1.0,4.0
-0.896357,0.531275,1.069647,-0.575701,0.569006,a>d>b>c>e,0.0,2.0,3.0,1.0,4.0
-0.8760040000000001,0.575222,1.069647,-0.44193699999999997,0.612714,a>b>d>c>e,0.0,1.0,3.0,2.0,4.0
-0.906487,0.586208,1.023866,-0.5088189999999999,0.64768,a>d>b>c>e,0.0,2.0,3.0,1.0,4.0
-0.8919889999999999,0.575222,1.115429,-0.664876,0.735096,a>d>b>c>e,0.0,2.0,3.0,1.0,4.0
-0.8701479999999999,0.586208,1.298555,-0.5979949999999999,0.778805,a>d>b>c>e,0.0,2.0,3.0,1.0,4.0
-0.8760040000000001,0.564235,1.4816799999999999,-0.575701,0.796288,a>d>b>c>e,0.0,2.0,3.0,1.0,4.0
-0.809181,0.597195,1.527462,-0.46423100000000006,0.9186700000000001,a>d>b>c>e,0.0,2.0,3.0,1.0,4.0
-0.793195,0.630156,1.435899,-0.39734899999999995,0.9536370000000001,a>d>b>c>e,0.0,2.0,3.0,1.0,4.0
-0.79905,0.674103,1.4816799999999999,-0.41964300000000004,0.9186700000000001,a>d>b>c>e,0.0,2.0,3.0,1.0,4.0
-0.8600180000000001,0.597195,1.344336,-0.575701,0.8487379999999999,a>b>d>c>e,0.0,1.0,3.0,2.0,4.0
-0.865873,0.597195,1.344336,-0.486525,0.8662209999999999,a>d>b>c>e,0.0,2.0,3.0,1.0,4.0
-0.839664,0.597195,1.298555,-0.46423100000000006,0.8662209999999999,a>d>b>c>e,0.0,2.0,3.0,1.0,4.0
-0.8194040000000001,0.641142,1.527462,-0.46423100000000006,0.813771,a>d>b>c>e,0.0,2.0,3.0,1.0,4.0
-0.756949,0.652129,1.435899,-0.41964300000000004,0.9536370000000001,a>b>d>c>e,0.0,1.0,3.0,2.0,4.0
-0.783065,0.641142,1.298555,-0.553407,1.014828,a>d>b>c>e,0.0,2.0,3.0,1.0,4.0
-0.736595,0.6850890000000001,1.298555,-0.352761,1.154694,a>b>d>c>e,0.0,1.0,3.0,2.0,4.0
-0.756949,0.827918,1.390117,-0.24129099999999998,1.189661,a>d>b>c>e,0.0,2.0,3.0,1.0,4.0
-0.7772100000000001,0.783971,1.344336,-0.41964300000000004,1.189661,a>b>d>c>e,0.0,1.0,3.0,2.0,4.0
-0.8034180000000001,0.761997,1.298555,-0.285879,1.128469,a>b>d>c>e,0.0,1.0,3.0,2.0,4.0
-0.813549,0.761997,1.252773,-0.263585,1.041053,a>b>d>c>e,0.0,1.0,3.0,2.0,4.0
-0.84552,0.707063,1.4816799999999999,-0.285879,0.9886030000000001,a>b>d>e>c,0.0,1.0,4.0,2.0,3.0
-0.8498879999999999,0.783971,1.435899,-0.21899699999999997,1.041053,a>b>d>c>e,0.0,1.0,3.0,2.0,4.0
-0.84552,0.8389040000000001,1.6648060000000002,-0.17440899999999998,1.084761,a>b>d>c>e,0.0,1.0,3.0,2.0,4.0
-0.84552,0.904825,1.80215,-0.17440899999999998,1.145953,a>d>b>c>e,0.0,2.0,3.0,1.0,4.0
-0.8919889999999999,0.904825,1.573243,-0.308173,1.2246270000000001,a>b>d>c>e,0.0,1.0,3.0,2.0,4.0
-0.839664,0.8828520000000001,1.619025,-0.308173,1.268335,a>b>d>c>e,0.0,1.0,3.0,2.0,4.0
-0.8760040000000001,0.805944,1.4816799999999999,-0.352761,1.2333690000000002,a>b>d>c>e,0.0,1.0,3.0,2.0,4.0
-0.8919889999999999,0.761997,1.390117,-0.44193699999999997,1.207144,a>b>d>c>e,0.0,1.0,3.0,2.0,4.0
-0.8817659999999999,0.772984,1.344336,-0.39734899999999995,1.198402,a>b>d>c>e,0.0,1.0,3.0,2.0,4.0
-0.902119,0.71805,0.9780840000000001,-0.352761,1.180919,a>b>d>e>c,0.0,1.0,4.0,2.0,3.0
-0.916618,0.71805,0.9780840000000001,-0.352761,1.180919,a>b>d>c>e,0.0,1.0,3.0,2.0,4.0
-0.979073,0.630156,0.7491770000000001,-0.5088189999999999,1.0935030000000001,a>b>d>e>c,0.0,1.0,4.0,2.0,3.0
-0.999426,0.641142,0.7491770000000001,-0.5311130000000001,1.0935030000000001,a>b>d>c>e,0.0,1.0,3.0,2.0,4.0
-0.979073,0.619169,0.8407399999999999,-0.620289,1.110986,a>b>d>e>c,0.0,1.0,4.0,2.0,3.0
-1.009557,0.553248,0.566051,-0.664876,1.0585360000000001,a>b>d>e>c,0.0,1.0,4.0,2.0,3.0
-0.968942,0.520288,0.52027,-0.709464,1.0935030000000001,a>b>d>e>c,0.0,1.0,4.0,2.0,3.0
-0.9529569999999999,0.542261,0.611833,-0.709464,1.041053,a>b>d>e>c,0.0,1.0,4.0,2.0,3.0
-0.968942,0.553248,0.703396,-0.68717,1.0672780000000002,a>b>d>c>e,0.0,1.0,3.0,2.0,4.0
-0.968942,0.575222,0.8407399999999999,-0.642583,1.049795,a>b>d>e>c,0.0,1.0,4.0,2.0,3.0
-0.9326030000000001,0.542261,0.8865219999999999,-0.642583,1.0585360000000001,a>b>d>e>c,0.0,1.0,4.0,2.0,3.0
-0.963087,0.542261,0.794959,-0.820934,1.041053,a>b>d>e>c,0.0,1.0,4.0,2.0,3.0
-1.009557,0.542261,0.657614,-0.664876,1.014828,a>b>d>e>c,0.0,1.0,4.0,2.0,3.0
-0.9747049999999999,0.531275,0.657614,-0.68717,1.014828,a>b>d>e>c,0.0,1.0,4.0,2.0,3.0
-0.963087,0.575222,0.8407399999999999,-0.620289,1.119728,a>b>d>c>e,0.0,1.0,3.0,2.0,4.0
-0.9747049999999999,0.520288,0.8865219999999999,-0.575701,1.145953,a>b>d>c>e,0.0,1.0,3.0,2.0,4.0
-0.9485889999999999,0.47634099999999996,0.8407399999999999,-0.642583,1.154694,a>b>d>c>e,0.0,1.0,3.0,2.0,4.0
-0.8760040000000001,0.542261,0.9323030000000001,-0.5979949999999999,1.189661,a>b>d>c>e,0.0,1.0,3.0,2.0,4.0
-0.896357,0.608182,0.9323030000000001,-0.620289,1.198402,a>b>d>c>e,0.0,1.0,3.0,2.0,4.0
-0.916618,0.542261,0.8865219999999999,-0.8432280000000001,1.154694,a>b>d>c>e,0.0,1.0,3.0,2.0,4.0
-0.9326030000000001,0.531275,0.7491770000000001,-0.9546979999999999,1.102244,a>b>d>c>e,0.0,1.0,3.0,2.0,4.0
-0.9326030000000001,0.564235,0.7491770000000001,-0.976992,1.0935030000000001,a>b>d>c>e,0.0,1.0,3.0,2.0,4.0
-0.963087,0.564235,0.794959,-0.976992,1.119728,a>b>d>c>e,0.0,1.0,3.0,2.0,4.0
-0.979073,0.586208,0.657614,-0.9324040000000001,1.110986,a>b>d>c>e,0.0,1.0,3.0,2.0,4.0
-0.979073,0.575222,0.703396,-0.9101100000000001,1.0935030000000001,a>b>d>c>e,0.0,1.0,3.0,2.0,4.0
-0.984928,0.619169,0.566051,-0.999286,1.102244,a>b>d>c>e,0.0,1.0,3.0,2.0,4.0
-0.999426,0.619169,0.611833,-0.9546979999999999,1.07602,a>b>d>c>e,0.0,1.0,3.0,2.0,4.0
-0.999426,0.608182,0.52027,-0.8878159999999999,1.0585360000000001,a>b>d>c>e,0.0,1.0,3.0,2.0,4.0
-1.041528,0.597195,0.42870699999999995,-0.9546979999999999,1.0672780000000002,a>b>d>c>e,0.0,1.0,3.0,2.0,4.0
-1.108351,0.575222,0.245581,-0.999286,0.9711200000000001,a>b>d>c>e,0.0,1.0,3.0,2.0,4.0
-1.082235,0.597195,0.29136300000000004,-1.043874,0.9886030000000001,a>b>d>c>e,0.0,1.0,3.0,2.0,4.0
-1.0560260000000001,0.608182,0.29136300000000004,-0.999286,0.9798620000000001,a>b>d>c>e,0.0,1.0,3.0,2.0,4.0
-1.092365,0.597195,0.245581,-0.9546979999999999,0.9536370000000001,a>b>d>c>e,0.0,1.0,3.0,2.0,4.0
-1.0560260000000001,0.553248,0.337144,-0.9546979999999999,0.997345,a>b>c>d>e,0.0,1.0,2.0,3.0,4.0
-1.0052809999999999,0.564235,0.47448900000000005,-0.8655219999999999,1.014828,a>b>c>d>e,0.0,1.0,2.0,3.0,4.0
-1.021174,0.597195,0.38292600000000004,-0.8655219999999999,1.0060870000000002,a>c>b>d>e,0.0,2.0,1.0,3.0,4.0
-1.0618809999999999,0.586208,0.337144,-1.02158,1.0060870000000002,a>c>b>d>e,0.0,2.0,1.0,3.0,4.0
-1.051751,0.608182,0.52027,-0.9101100000000001,1.110986,a>c>d>b>e,0.0,3.0,1.0,2.0,4.0
-1.041528,0.608182,0.52027,-0.820934,1.137211,a>d>b>c>e,0.0,2.0,3.0,1.0,4.0
-1.015412,0.608182,0.52027,-0.79864,1.154694,a>d>b>c>e,0.0,2.0,3.0,1.0,4.0
-1.045896,0.707063,0.42870699999999995,-0.79864,1.172177,a>d>b>c>e,0.0,2.0,3.0,1.0,4.0
-1.0618809999999999,0.674103,0.52027,-0.8655219999999999,1.198402,a>d>b>c>e,0.0,2.0,3.0,1.0,4.0
-1.041528,0.652129,0.47448900000000005,-0.8655219999999999,1.259594,a>d>b>c>e,0.0,2.0,3.0,1.0,4.0
-0.984928,0.553248,0.38292600000000004,-0.820934,1.303302,a>d>c>b>e,0.0,3.0,2.0,1.0,4.0
-0.999426,0.608182,0.38292600000000004,-0.8432280000000001,1.29456,a>d>b>c>e,0.0,2.0,3.0,1.0,4.0
-0.999426,0.652129,0.42870699999999995,-0.8878159999999999,1.338268,a>b>c>d>e,0.0,1.0,2.0,3.0,4.0
-1.025542,0.630156,0.42870699999999995,-0.9546979999999999,1.320785,a>d>c>b>e,0.0,3.0,2.0,1.0,4.0
-0.989296,0.641142,0.47448900000000005,-0.9546979999999999,1.408201,a>d>c>b>e,0.0,3.0,2.0,1.0,4.0
-0.995058,0.641142,0.47448900000000005,-0.8878159999999999,1.513101,a>d>c>b>e,0.0,3.0,2.0,1.0,4.0
-1.051751,0.608182,0.52027,-0.9101100000000001,1.495617,a>d>e>b>c,0.0,3.0,4.0,1.0,2.0
-1.108351,0.553248,0.42870699999999995,-0.9324040000000001,1.504359,a>d>e>b>c,0.0,3.0,4.0,1.0,2.0
-1.0676430000000001,0.553248,0.52027,-0.8432280000000001,1.583033,a>d>b>e>c,0.0,2.0,4.0,1.0,3.0
-0.999426,0.542261,0.47448900000000005,-0.7540520000000001,1.618,a>d>b>e>c,0.0,2.0,4.0,1.0,3.0
-0.922473,0.520288,0.42870699999999995,-0.553407,1.6617080000000002,a>d>b>e>c,0.0,2.0,4.0,1.0,3.0
-0.912343,0.608182,0.47448900000000005,-0.486525,1.757866,a>d>b>e>c,0.0,2.0,4.0,1.0,3.0
-0.928235,0.641142,0.52027,-0.5088189999999999,1.731641,a>d>b>e>c,0.0,2.0,4.0,1.0,3.0
-0.906487,0.641142,0.566051,-0.553407,1.784091,a>b>d>c>e,0.0,1.0,3.0,2.0,4.0
-0.886134,0.531275,0.611833,-0.553407,1.819057,a>b>d>c>e,0.0,1.0,3.0,2.0,4.0
-0.902119,0.619169,0.657614,-0.5979949999999999,1.810316,a>b>d>c>e,0.0,1.0,3.0,2.0,4.0
-0.896357,0.608182,0.52027,-0.642583,1.8277990000000002,a>d>b>e>c,0.0,2.0,4.0,1.0,3.0
-0.912343,0.619169,0.42870699999999995,-0.575701,1.9064729999999999,a>d>b>c>e,0.0,2.0,3.0,1.0,4.0
-0.896357,0.663116,0.52027,-0.308173,1.9676650000000002,a>d>b>c>e,0.0,2.0,3.0,1.0,4.0
-0.916618,0.663116,0.566051,-0.17440899999999998,2.1250139999999997,a>d>b>e>c,0.0,2.0,4.0,1.0,3.0
-0.9326030000000001,0.597195,0.47448900000000005,-0.21899699999999997,2.037598,a>d>b>e>c,0.0,2.0,4.0,1.0,3.0
-0.9428270000000001,0.542261,0.47448900000000005,-0.375055,1.958923,a>d>b>e>c,0.0,2.0,4.0,1.0,3.0
-0.968942,0.564235,0.52027,-0.352761,1.9501810000000002,a>d>b>c>e,0.0,2.0,3.0,1.0,4.0
-0.9428270000000001,0.520288,0.47448900000000005,-0.263585,1.9676650000000002,a>d>b>e>c,0.0,2.0,4.0,1.0,3.0
-0.9485889999999999,0.509301,0.47448900000000005,-0.263585,1.976406,a>d>b>e>c,0.0,2.0,4.0,1.0,3.0
-0.9588120000000001,0.575222,0.52027,-0.285879,2.011373,a>d>b>e>c,0.0,2.0,4.0,1.0,3.0
-0.928235,0.586208,0.47448900000000005,-0.21899699999999997,2.055081,a>d>b>c>e,0.0,2.0,3.0,1.0,4.0
-0.896357,0.608182,0.47448900000000005,-0.285879,2.020114,a>d>c>e>b,0.0,4.0,2.0,1.0,3.0
-0.9428270000000001,0.586208,0.47448900000000005,-0.41964300000000004,1.923957,a>d>e>b>c,0.0,3.0,4.0,1.0,2.0
-0.9428270000000001,0.586208,0.47448900000000005,-0.41964300000000004,1.94144,a>d>e>b>c,0.0,3.0,4.0,1.0,2.0
-0.999426,0.553248,0.47448900000000005,-0.5979949999999999,1.810316,a>d>e>b>c,0.0,3.0,4.0,1.0,2.0
-1.0052809999999999,0.597195,0.52027,-0.5311130000000001,1.784091,a>d>b>e>c,0.0,2.0,4.0,1.0,3.0
-0.968942,0.597195,0.566051,-0.39734899999999995,1.8540240000000001,a>d>e>b>c,0.0,3.0,4.0,1.0,2.0
-0.963087,0.564235,0.657614,-0.486525,1.8540240000000001,a>d>e>b>c,0.0,3.0,4.0,1.0,2.0
-0.902119,0.608182,0.703396,-0.352761,1.932698,a>d>c>e>b,0.0,4.0,2.0,1.0,3.0
-0.8352959999999999,0.597195,0.7491770000000001,-0.196703,1.9501810000000002,a>d>c>b>e,0.0,3.0,2.0,1.0,4.0
-0.823679,0.597195,1.069647,-0.263585,2.037598,a>d>c>b>e,0.0,3.0,2.0,1.0,4.0
-0.823679,0.608182,0.9780840000000001,-0.263585,2.020114,a>d>b>e>c,0.0,2.0,4.0,1.0,3.0
-0.839664,0.8169310000000001,1.023866,-0.21899699999999997,2.002631,a>d>e>b>c,0.0,3.0,4.0,1.0,2.0
-0.8352959999999999,0.783971,1.069647,-0.129821,2.020114,a>d>e>b>c,0.0,3.0,4.0,1.0,2.0
-0.7772100000000001,0.772984,1.023866,-0.085233,2.037598,a>d>e>b>c,0.0,3.0,4.0,1.0,2.0
-0.7627109999999999,0.794957,1.115429,0.070824,2.090047,a>d>e>c>b,0.0,4.0,3.0,1.0,2.0
-0.756949,0.794957,1.069647,0.026236000000000002,2.1250139999999997,a>d>e>b>c,0.0,3.0,4.0,1.0,2.0
-0.710479,0.8389040000000001,1.115429,0.09311799999999999,2.194947,a>d>b>e>c,0.0,2.0,4.0,1.0,3.0
-0.66401,0.8828520000000001,1.252773,0.09311799999999999,2.221172,a>d>b>e>c,0.0,2.0,4.0,1.0,3.0
-0.7264649999999999,0.827918,1.023866,-0.085233,1.9938900000000002,a>d>c>e>b,0.0,4.0,2.0,1.0,3.0
-0.793195,0.805944,1.023866,-0.062939,2.002631,a>d>e>b>c,0.0,3.0,4.0,1.0,2.0
-0.79905,0.827918,1.069647,-0.040645,2.063822,a>d>e>c>b,0.0,4.0,3.0,1.0,2.0
-0.8194040000000001,0.860878,1.16121,0.003943,2.090047,a>d>e>c>b,0.0,4.0,3.0,1.0,2.0
-0.839664,0.8389040000000001,1.206992,-0.040645,2.098789,a>d>e>b>c,0.0,3.0,4.0,1.0,2.0
-0.84552,0.849891,1.16121,-0.062939,2.063822,a>d>e>b>c,0.0,3.0,4.0,1.0,2.0
-0.756949,0.8828520000000001,1.115429,0.003943,2.055081,a>d>e>b>c,0.0,3.0,4.0,1.0,2.0
-0.7423569999999999,0.849891,1.206992,-0.062939,2.116272,a>d>e>b>c,0.0,3.0,4.0,1.0,2.0
-0.716242,0.860878,1.344336,0.048530000000000004,2.21243,a>d>e>c>b,0.0,4.0,3.0,1.0,2.0
-0.7061109999999999,0.904825,1.206992,0.026236000000000002,2.1687220000000003,a>d>e>b>c,0.0,3.0,4.0,1.0,2.0
-0.73074,0.904825,1.16121,-0.018351,2.151239,a>d>e>b>c,0.0,3.0,4.0,1.0,2.0
-0.690126,0.871865,0.9780840000000001,-0.129821,2.1687220000000003,a>d>e>b>c,0.0,3.0,4.0,1.0,2.0
-0.653787,0.8389040000000001,0.9323030000000001,-0.062939,2.151239,a>d>e>b>c,0.0,3.0,4.0,1.0,2.0
-0.66401,0.8169310000000001,0.794959,-0.062939,2.15998,a>d>e>b>c,0.0,3.0,4.0,1.0,2.0
-0.669772,0.860878,0.8865219999999999,-0.062939,2.116272,a>d>e>b>c,0.0,3.0,4.0,1.0,2.0
-0.66401,0.8828520000000001,0.7491770000000001,-0.040645,2.1250139999999997,a>d>e>b>c,0.0,3.0,4.0,1.0,2.0
-0.6378010000000001,0.9267989999999999,0.8407399999999999,-0.040645,2.133755,a>d>e>b>c,0.0,3.0,4.0,1.0,2.0
-0.627671,0.9707459999999999,0.9780840000000001,-0.040645,2.21243,a>d>e>b>c,0.0,3.0,4.0,1.0,2.0
-0.649419,0.9158120000000001,0.8407399999999999,-0.107527,2.21243,a>d>e>b>c,0.0,3.0,4.0,1.0,2.0
-0.571071,0.9707459999999999,0.9780840000000001,0.048530000000000004,2.177463,a>d>e>c>b,0.0,4.0,3.0,1.0,2.0
-0.5608479999999999,0.981733,0.9323030000000001,0.070824,2.2473959999999997,a>d>e>c>b,0.0,4.0,3.0,1.0,2.0
-0.5042479999999999,1.05864,0.9323030000000001,0.182294,2.3260709999999998,a>d>e>b>c,0.0,3.0,4.0,1.0,2.0
-0.49839300000000003,1.0916,0.794959,0.182294,2.3085880000000003,a>d>e>b>c,0.0,3.0,4.0,1.0,2.0
-0.520234,1.102587,0.8407399999999999,0.137706,2.299846,a>e>d>b>c,0.0,3.0,4.0,2.0,1.0
-0.5100100000000001,1.135548,0.9323030000000001,0.026236000000000002,1.9064729999999999,a>e>d>c>b,0.0,4.0,3.0,2.0,1.0
-0.5303640000000001,1.0916,0.7491770000000001,0.070824,1.6966740000000002,a>d>e>b>c,0.0,3.0,4.0,1.0,2.0
-0.540587,1.113574,0.703396,-0.018351,1.7491240000000001,a>d>e>b>c,0.0,3.0,4.0,1.0,2.0
-0.467909,1.0916,0.566051,-0.018351,1.626742,a>e>d>b>c,0.0,3.0,4.0,2.0,1.0
-0.39532399999999995,1.080614,0.703396,0.09311799999999999,1.644225,e>a>d>b>c,1.0,3.0,4.0,2.0,0.0
-0.39095599999999997,1.0476530000000002,0.657614,-0.018351,1.67045,e>a>d>b>c,1.0,3.0,4.0,2.0,0.0
-0.33872399999999997,1.1245610000000001,0.703396,-0.018351,1.652966,e>a>d>b>c,1.0,3.0,4.0,2.0,0.0
-0.287887,1.135548,0.7491770000000001,-0.040645,1.583033,e>a>d>b>c,1.0,3.0,4.0,2.0,0.0
-0.312515,1.113574,0.703396,-0.062939,1.478134,e>a>d>b>c,1.0,3.0,4.0,2.0,0.0
-0.36484,1.05864,0.657614,-0.085233,1.381976,e>a>d>b>c,1.0,3.0,4.0,2.0,0.0
-0.358985,1.135548,0.703396,-0.24129099999999998,1.364493,e>a>d>b>c,1.0,3.0,4.0,2.0,0.0
-0.39095599999999997,1.146534,0.611833,-0.285879,1.250852,e>a>d>b>c,1.0,3.0,4.0,2.0,0.0
-0.401179,1.0916,0.703396,-0.263585,1.250852,e>a>d>b>c,1.0,3.0,4.0,2.0,0.0
-0.41130900000000004,1.080614,0.7491770000000001,-0.330467,1.24211,e>a>d>b>c,1.0,3.0,4.0,2.0,0.0
-0.318371,1.080614,0.703396,-0.308173,1.277077,e>a>d>b>c,1.0,3.0,4.0,2.0,0.0
-0.219577,1.102587,0.794959,-0.21899699999999997,1.29456,e>a>d>b>c,1.0,3.0,4.0,2.0,0.0
-0.152846,1.102587,0.794959,-0.040645,1.259594,e>a>d>b>c,1.0,3.0,4.0,2.0,0.0
-0.12236199999999998,1.1245610000000001,0.794959,0.048530000000000004,1.24211,e>a>d>b>c,1.0,3.0,4.0,2.0,0.0
-0.184724,1.146534,0.8407399999999999,0.09311799999999999,1.250852,e>a>d>b>c,1.0,3.0,4.0,2.0,0.0
-0.19931600000000002,1.168508,0.8865219999999999,0.137706,1.259594,e>a>b>d>c,1.0,2.0,4.0,3.0,0.0
-0.205078,1.2124549999999998,0.9323030000000001,0.11541199999999999,1.268335,e>a>d>b>c,1.0,3.0,4.0,2.0,0.0
-0.219577,1.2124549999999998,0.9780840000000001,0.20458800000000002,1.250852,e>a>d>b>c,1.0,3.0,4.0,2.0,0.0
-0.266046,1.2124549999999998,1.023866,0.09311799999999999,1.24211,e>d>a>b>c,2.0,3.0,4.0,1.0,0.0
-0.255916,1.234429,1.16121,0.11541199999999999,1.34701,e>d>a>b>c,2.0,3.0,4.0,1.0,0.0
-0.25154699999999997,1.256402,1.206992,0.048530000000000004,1.373235,e>d>a>b>c,2.0,3.0,4.0,1.0,0.0
-0.219577,1.278376,1.344336,0.11541199999999999,1.355751,e>d>a>b>c,2.0,3.0,4.0,1.0,0.0
-0.17896199999999998,1.201468,1.206992,0.026236000000000002,1.303302,e>a>d>b>c,1.0,3.0,4.0,2.0,0.0
-0.205078,1.1794950000000002,1.298555,0.026236000000000002,1.312043,e>d>a>b>c,2.0,3.0,4.0,1.0,0.0
-0.219577,1.190481,1.390117,-0.018351,1.320785,e>d>a>b>c,2.0,3.0,4.0,1.0,0.0
-0.271901,1.256402,1.344336,-0.040645,1.29456,e>d>a>b>c,2.0,3.0,4.0,1.0,0.0
-0.401179,1.157521,1.206992,-0.085233,1.259594,e>d>a>b>c,2.0,3.0,4.0,1.0,0.0
-0.35470999999999997,1.146534,1.115429,-0.062939,1.250852,e>b>d>a>c,3.0,1.0,4.0,2.0,0.0
-0.324133,1.201468,1.16121,-0.062939,1.250852,e>b>d>a>c,3.0,1.0,4.0,2.0,0.0
-0.32850100000000004,1.234429,1.115429,-0.085233,1.2246270000000001,e>b>d>a>c,3.0,1.0,4.0,2.0,0.0
-0.385194,1.234429,1.115429,-0.085233,1.268335,e>b>a>d>c,2.0,1.0,4.0,3.0,0.0
-0.302385,1.201468,1.16121,-0.085233,1.268335,e>b>a>d>c,2.0,1.0,4.0,3.0,0.0
-0.348854,1.157521,1.023866,-0.085233,1.268335,e>b>d>a>c,3.0,1.0,4.0,2.0,0.0
-0.318371,1.146534,1.115429,0.003943,1.29456,e>b>a>d>c,2.0,1.0,4.0,3.0,0.0
-0.39532399999999995,1.1245610000000001,1.023866,-0.085233,1.268335,e>a>b>d>c,1.0,2.0,4.0,3.0,0.0
-0.41130900000000004,1.168508,1.069647,0.003943,1.259594,e>a>b>d>c,1.0,2.0,4.0,3.0,0.0
-0.372089,1.190481,1.023866,0.026236000000000002,1.277077,e>a>b>d>c,1.0,2.0,4.0,3.0,0.0
-0.40406,1.201468,0.9780840000000001,0.026236000000000002,1.24211,e>b>a>d>c,2.0,1.0,4.0,3.0,0.0
-0.44179300000000005,1.201468,1.16121,0.16,1.2333690000000002,e>b>a>d>c,2.0,1.0,4.0,3.0,0.0
-0.36484,1.157521,1.115429,0.27147,1.207144,e>b>a>d>c,2.0,1.0,4.0,3.0,0.0
-0.318371,1.190481,1.115429,0.42752799999999996,1.154694,e>a>b>d>c,1.0,2.0,4.0,3.0,0.0
-0.334356,1.223442,1.023866,0.49441,1.0323120000000001,e>b>a>d>c,2.0,1.0,4.0,3.0,0.0
-0.348854,1.245415,0.9780840000000001,0.49441,1.02357,e>b>a>d>c,2.0,1.0,4.0,3.0,0.0
-0.465028,1.234429,0.9323030000000001,0.42752799999999996,0.8662209999999999,e>b>a>d>c,2.0,1.0,4.0,3.0,0.0
-0.511497,1.223442,0.8407399999999999,0.249176,0.839996,e>b>a>d>c,2.0,1.0,4.0,3.0,0.0
-0.550718,1.256402,0.657614,0.182294,0.892446,e>a>b>d>c,1.0,2.0,4.0,3.0,0.0
-0.488263,1.2893629999999998,0.657614,0.16,0.9711200000000001,e>a>b>d>c,1.0,2.0,4.0,3.0,0.0
-0.49699899999999997,1.2673889999999999,0.611833,0.182294,1.0060870000000002,e>a>b>d>c,1.0,2.0,4.0,3.0,0.0
-0.511497,1.278376,0.657614,0.338352,1.02357,e>b>a>d>c,2.0,1.0,4.0,3.0,0.0
-0.45053000000000004,1.322323,0.703396,0.449822,1.07602,b>e>d>a>c,3.0,0.0,4.0,2.0,1.0
-0.44179300000000005,1.388244,0.8407399999999999,0.42752799999999996,1.145953,b>e>d>a>c,3.0,0.0,4.0,2.0,1.0
-0.40406,1.388244,0.8865219999999999,0.472116,1.207144,b>e>d>a>c,3.0,0.0,4.0,2.0,1.0
-0.388075,1.432191,1.023866,0.42752799999999996,1.2858180000000001,e>b>a>d>c,2.0,1.0,4.0,3.0,0.0
-0.388075,1.39923,1.069647,0.40523400000000004,1.250852,e>b>d>a>c,3.0,1.0,4.0,2.0,0.0
-0.388075,1.410217,1.16121,0.42752799999999996,1.312043,e>b>d>a>c,3.0,1.0,4.0,2.0,0.0
-0.357591,1.410217,1.298555,0.29376399999999997,1.180919,e>b>d>a>c,3.0,1.0,4.0,2.0,0.0
-0.40406,1.4212040000000001,1.344336,0.182294,1.154694,e>d>b>a>c,3.0,2.0,4.0,1.0,0.0
-0.372089,1.355283,1.390117,0.137706,0.778805,e>d>b>a>c,3.0,2.0,4.0,1.0,0.0
-0.295136,1.300349,1.298555,0.11541199999999999,0.735096,e>d>b>a>c,3.0,2.0,4.0,1.0,0.0
-0.271901,1.256402,1.252773,0.070824,0.796288,e>d>b>a>c,3.0,2.0,4.0,1.0,0.0
-0.271901,1.201468,1.115429,0.137706,0.805029,e>d>b>a>c,3.0,2.0,4.0,1.0,0.0
-0.295136,1.190481,1.115429,0.16,0.8662209999999999,e>d>b>a>c,3.0,2.0,4.0,1.0,0.0
-0.341605,1.157521,1.023866,0.29376399999999997,0.8749620000000001,e>d>b>a>c,3.0,2.0,4.0,1.0,0.0
-0.302385,1.157521,0.8865219999999999,0.5167039999999999,0.839996,e>b>d>a>c,3.0,1.0,4.0,2.0,0.0
-0.271901,1.1794950000000002,0.9323030000000001,0.49441,0.8662209999999999,b>e>d>a>c,3.0,0.0,4.0,2.0,1.0
-0.27915,1.2673889999999999,0.8407399999999999,0.561292,0.9711200000000001,b>e>d>a>c,3.0,0.0,4.0,2.0,1.0
-0.36484,1.300349,0.8407399999999999,0.49441,0.944895,b>e>d>a>c,3.0,0.0,4.0,2.0,1.0
-0.39532399999999995,1.2893629999999998,0.611833,0.49441,0.9099290000000001,e>b>d>a>c,3.0,1.0,4.0,2.0,0.0
-0.418559,1.245415,0.42870699999999995,0.40523400000000004,0.8487379999999999,e>b>d>a>c,3.0,1.0,4.0,2.0,0.0
-0.41130900000000004,1.2124549999999998,0.38292600000000004,0.360646,0.8487379999999999,d>b>e>a>c,3.0,1.0,4.0,0.0,2.0
-0.341605,1.256402,0.566051,0.5167039999999999,0.9099290000000001,b>e>d>a>c,3.0,0.0,4.0,2.0,1.0
-0.186211,1.2673889999999999,0.611833,0.628174,0.9099290000000001,b>d>e>a>c,3.0,0.0,4.0,1.0,2.0
-0.22543200000000002,1.2124549999999998,0.52027,0.60588,0.9099290000000001,b>e>d>a>c,3.0,0.0,4.0,2.0,1.0
-0.232681,1.311336,0.52027,0.628174,0.9099290000000001,b>e>d>a>c,3.0,0.0,4.0,2.0,1.0
-0.287887,1.234429,0.38292600000000004,0.5835859999999999,0.883704,e>b>d>a>c,3.0,1.0,4.0,2.0,0.0
-0.287887,1.2673889999999999,0.566051,0.538998,0.8662209999999999,b>e>d>a>c,3.0,0.0,4.0,2.0,1.0
-0.24141700000000002,1.2893629999999998,0.52027,0.60588,0.8662209999999999,b>e>d>a>c,3.0,0.0,4.0,2.0,1.0
-0.232681,1.344296,0.566051,0.538998,0.8574790000000001,b>e>d>a>c,3.0,0.0,4.0,2.0,1.0
-0.24141700000000002,1.33331,0.47448900000000005,0.472116,0.831254,b>e>d>a>c,3.0,0.0,4.0,2.0,1.0
-0.209446,1.33331,0.52027,0.717349,0.8662209999999999,b>e>d>a>c,3.0,0.0,4.0,2.0,1.0
-0.194948,1.201468,0.52027,0.628174,0.796288,b>e>d>a>c,3.0,0.0,4.0,2.0,1.0
-0.255916,1.190481,0.38292600000000004,0.538998,0.761321,b>e>d>a>c,3.0,0.0,4.0,2.0,1.0
-0.232681,1.1794950000000002,0.47448900000000005,0.5835859999999999,0.682647,b>e>d>a>c,3.0,0.0,4.0,2.0,1.0
-0.102009,1.201468,0.611833,0.739643,0.726355,b>e>d>a>c,3.0,0.0,4.0,2.0,1.0
-0.109258,1.190481,0.566051,0.761937,0.743838,b>e>d>a>c,3.0,0.0,4.0,2.0,1.0
-0.102009,1.234429,0.611833,0.8511129999999999,0.691388,b>e>d>a>c,3.0,0.0,4.0,2.0,1.0
-0.209446,1.234429,0.52027,0.8511129999999999,0.691388,b>e>d>a>c,3.0,0.0,4.0,2.0,1.0
-0.162977,1.234429,0.47448900000000005,1.029465,0.691388,b>e>d>c>a,4.0,0.0,3.0,2.0,1.0
-0.132493,1.234429,0.52027,1.163229,0.7088720000000001,b>e>d>c>a,4.0,0.0,3.0,2.0,1.0
-0.032305,1.256402,0.47448900000000005,1.096347,0.805029,b>e>d>c>a,4.0,0.0,3.0,2.0,1.0
-0.023569,1.2124549999999998,0.566051,1.051759,0.796288,e>b>d>c>a,4.0,1.0,3.0,2.0,0.0
-0.086023,1.190481,0.7491770000000001,0.984877,0.778805,b>e>d>c>a,4.0,0.0,3.0,2.0,1.0
-0.116507,1.234429,0.794959,0.8511129999999999,0.770063,e>b>d>c>a,4.0,1.0,3.0,2.0,0.0
-0.078774,1.146534,0.657614,0.8288190000000001,0.796288,e>b>d>c>a,4.0,1.0,3.0,2.0,0.0
-0.171713,1.135548,0.657614,0.784231,0.831254,e>b>d>c>a,4.0,1.0,3.0,2.0,0.0
-0.086023,1.168508,0.8865219999999999,0.784231,0.8487379999999999,e>b>d>c>a,4.0,1.0,3.0,2.0,0.0
-0.046803,1.157521,0.8407399999999999,0.739643,0.8225129999999999,e>b>d>c>a,4.0,1.0,3.0,2.0,0.0
-0.078774,1.113574,0.794959,0.806525,0.831254,e>b>d>c>a,4.0,1.0,3.0,2.0,0.0
-0.023569,1.1794950000000002,0.8865219999999999,0.784231,0.831254,e>b>d>c>a,4.0,1.0,3.0,2.0,0.0
0.014165,1.1794950000000002,1.206992,1.0071709999999998,0.8225129999999999,e>b>d>c>a,4.0,1.0,3.0,2.0,0.0
0.07662000000000001,1.146534,1.023866,0.8734069999999999,0.813771,e>b>d>c>a,4.0,1.0,3.0,2.0,0.0
0.10710399999999999,1.1794950000000002,1.023866,0.962583,0.796288,e>b>d>c>a,4.0,1.0,3.0,2.0,0.0
0.099854,1.1794950000000002,0.8407399999999999,0.9402889999999999,0.8225129999999999,e>b>d>c>a,4.0,1.0,3.0,2.0,0.0
0.123089,1.201468,0.8865219999999999,0.9402889999999999,0.8225129999999999,e>b>d>c>a,4.0,1.0,3.0,2.0,0.0
0.06937,1.157521,0.794959,0.895701,0.787546,e>b>d>c>a,4.0,1.0,3.0,2.0,0.0
0.037399,1.168508,0.794959,0.962583,0.787546,e>b>d>c>a,4.0,1.0,3.0,2.0,0.0
0.046136,1.190481,0.703396,0.962583,0.726355,e>b>d>c>a,4.0,1.0,3.0,2.0,0.0
0.03015,1.234429,0.703396,1.0740530000000001,0.682647,e>b>d>c>a,4.0,1.0,3.0,2.0,0.0
0.006915,1.245415,0.703396,1.319287,0.665164,e>b>d>c>a,4.0,1.0,3.0,2.0,0.0
-0.016319,1.256402,0.703396,1.363874,0.612714,b>e>d>c>a,4.0,0.0,3.0,2.0,1.0
0.176808,1.2893629999999998,0.657614,1.408462,0.665164,b>e>d>c>a,4.0,0.0,3.0,2.0,1.0
0.16230899999999998,1.300349,0.611833,1.319287,0.673905,b>e>d>c>a,4.0,0.0,3.0,2.0,1.0
0.11584000000000001,1.322323,0.657614,1.319287,0.673905,b>e>d>c>a,4.0,0.0,3.0,2.0,1.0
0.11584000000000001,1.300349,0.657614,1.274699,0.70013,b>e>d>c>a,4.0,0.0,3.0,2.0,1.0
0.099854,1.256402,0.703396,1.274699,0.743838,b>e>d>c>a,4.0,0.0,3.0,2.0,1.0
0.09260499999999999,1.2673889999999999,0.611833,1.274699,0.7088720000000001,b>e>d>c>a,4.0,0.0,3.0,2.0,1.0
0.16230899999999998,1.300349,0.52027,1.230111,0.7088720000000001,b>e>d>c>a,4.0,0.0,3.0,2.0,1.0
0.278483,1.311336,0.42870699999999995,1.1855229999999999,0.673905,b>e>d>c>a,4.0,0.0,3.0,2.0,1.0
0.03015,1.014693,0.29136300000000004,0.472116,0.612714,b>e>d>c>a,4.0,0.0,3.0,2.0,1.0
0.146324,0.8828520000000001,0.245581,0.739643,0.534039,b>e>d>c>a,4.0,0.0,3.0,2.0,1.0
0.099854,0.9158120000000001,0.245581,0.8734069999999999,0.5515220000000001,b>e>d>c>a,4.0,0.0,3.0,2.0,1.0
0.053385,0.959759,0.1998,1.0740530000000001,0.5515220000000001,b>e>d>c>a,4.0,0.0,3.0,2.0,1.0
0.10710399999999999,0.959759,0.337144,1.096347,0.5427810000000001,b>e>d>c>a,4.0,0.0,3.0,2.0,1.0
0.099854,0.959759,0.337144,1.0071709999999998,0.5515220000000001,b>e>d>c>a,4.0,0.0,3.0,2.0,1.0
0.046136,0.904825,0.29136300000000004,0.8511129999999999,0.516556,b>e>d>c>a,4.0,0.0,3.0,2.0,1.0
0.046136,0.849891,0.10823699999999999,0.806525,0.464106,b>c>e>d>a,4.0,0.0,1.0,3.0,2.0
0.037399,0.805944,0.10823699999999999,0.806525,0.437881,b>e>d>c>a,4.0,0.0,3.0,2.0,1.0
-0.078774,0.7510100000000001,0.15401800000000002,0.739643,0.437881,b>e>c>d>a,4.0,0.0,2.0,3.0,1.0
-0.139742,0.7290369999999999,0.062456,0.672762,0.394173,b>e>c>d>a,4.0,0.0,2.0,3.0,1.0
-0.148478,0.7290369999999999,0.016674,0.561292,0.490331,b>e>d>c>a,4.0,0.0,3.0,2.0,1.0
-0.039554,0.7510100000000001,-0.12067,0.628174,0.5427810000000001,b>e>d>c>a,4.0,0.0,3.0,2.0,1.0
-0.046803,0.794957,-0.166452,0.60588,0.5515220000000001,b>e>d>c>a,4.0,0.0,3.0,2.0,1.0
-0.032305,0.7290369999999999,0.016674,0.561292,0.5427810000000001,b>e>d>c>a,4.0,0.0,3.0,2.0,1.0
-0.00907,0.772984,0.10823699999999999,0.49441,0.6039720000000001,b>e>d>c>a,4.0,0.0,3.0,2.0,1.0
-0.148478,0.71805,-0.029107,0.360646,0.5252979999999999,b>e>d>c>a,4.0,0.0,3.0,2.0,1.0
-0.20219700000000002,0.7290369999999999,-0.029107,0.38294,0.5427810000000001,b>e>d>c>a,4.0,0.0,3.0,2.0,1.0
-0.132493,0.7290369999999999,-0.029107,0.472116,0.534039,b>e>d>c>a,4.0,0.0,3.0,2.0,1.0
-0.09327300000000001,0.7290369999999999,-0.074889,0.449822,0.516556,b>e>d>c>a,4.0,0.0,3.0,2.0,1.0
-0.055539,0.707063,-0.12067,0.449822,0.5427810000000001,b>e>d>c>a,4.0,0.0,3.0,2.0,1.0
-0.062789,0.652129,-0.166452,0.360646,0.577747,b>e>d>c>a,4.0,0.0,3.0,2.0,1.0
-0.09327300000000001,0.619169,-0.12067,0.338352,0.586489,b>e>d>c>a,4.0,0.0,3.0,2.0,1.0
-0.046803,0.586208,-0.166452,0.09311799999999999,0.577747,e>b>d>c>a,4.0,1.0,3.0,2.0,0.0
-0.023569,0.564235,-0.166452,-0.018351,0.586489,e>b>d>c>a,4.0,1.0,3.0,2.0,0.0
0.06937,0.44338,-0.212233,-0.24129099999999998,0.5952310000000001,e>b>d>c>a,4.0,1.0,3.0,2.0,0.0
0.16230899999999998,0.014896000000000001,-0.578485,-1.043874,0.516556,e>d>b>c>a,4.0,2.0,3.0,1.0,0.0
0.053385,-0.07299800000000001,-0.624266,-1.222226,0.47284799999999994,e>d>b>c>a,4.0,2.0,3.0,1.0,0.0
0.09260499999999999,-0.062012,-0.578485,-0.999286,0.464106,e>d>b>c>a,4.0,2.0,3.0,1.0,0.0
0.130338,-0.062012,-0.578485,-0.9324040000000001,0.48158999999999996,e>d>b>c>a,4.0,2.0,3.0,1.0,0.0
0.11584000000000001,0.003909,-0.5327029999999999,-1.043874,0.42913999999999997,e>d>b>c>a,4.0,2.0,3.0,1.0,0.0
0.176808,0.003909,-0.578485,-0.976992,0.32424000000000003,e>d>b>c>a,4.0,2.0,3.0,1.0,0.0
0.176808,-0.040038,-0.578485,-0.8878159999999999,0.184375,e>d>b>c>a,4.0,2.0,3.0,1.0,0.0
0.19279300000000002,-0.029051,-0.578485,-0.9546979999999999,0.131925,e>d>c>b>a,4.0,3.0,2.0,1.0,0.0
0.28573200000000004,-0.040038,-0.578485,-0.9324040000000001,0.15815,e>d>b>c>a,4.0,2.0,3.0,1.0,0.0
0.23201300000000002,-0.051025,-0.715829,-0.976992,0.140666,e>d>b>c>a,4.0,2.0,3.0,1.0,0.0
0.269746,-0.029051,-0.853173,-0.976992,0.131925,e>d>b>c>a,4.0,2.0,3.0,1.0,0.0
0.239263,-0.018065,-0.853173,-1.1107559999999999,0.05325,d>e>b>c>a,4.0,2.0,3.0,0.0,1.0
0.223277,0.06982999999999999,-0.944736,-1.1107559999999999,0.035767,d>e>b>c>a,4.0,2.0,3.0,0.0,1.0
0.19279300000000002,0.05884299999999999,-0.990518,-0.9101100000000001,0.079475,d>e>b>c>a,4.0,2.0,3.0,0.0,1.0
0.123089,0.10279,-0.944736,-0.999286,0.044509,d>e>b>c>a,4.0,2.0,3.0,0.0,1.0
0.11584000000000001,0.113777,-0.944736,-1.066168,0.070733,d>e>b>c>a,4.0,2.0,3.0,0.0,1.0
0.123089,0.12476400000000001,-0.944736,-0.9546979999999999,0.079475,d>e>b>c>a,4.0,2.0,3.0,0.0,1.0
0.09260499999999999,0.179697,-0.898955,-0.9546979999999999,0.05325,d>e>b>c>a,4.0,2.0,3.0,0.0,1.0
0.130338,0.234631,-0.944736,-0.9546979999999999,0.05325,d>e>b>c>a,4.0,2.0,3.0,0.0,1.0
0.022900999999999998,0.190684,-1.1278620000000001,-0.9324040000000001,0.000801,d>e>c>b>a,4.0,3.0,2.0,0.0,1.0
0.037399,0.13575,-1.402551,-0.9324040000000001,-0.051649,d>e>c>b>a,4.0,3.0,2.0,0.0,1.0
0.006915,0.13575,-1.3109879999999998,-0.776346,-0.051649,d>e>c>b>a,4.0,3.0,2.0,0.0,1.0
0.099854,0.20167100000000002,-1.265206,-0.731758,-0.042908,d>e>b>c>a,4.0,2.0,3.0,0.0,1.0
0.037399,0.190684,-1.0820809999999998,-0.620289,-0.007941,d>e>c>b>a,4.0,3.0,2.0,0.0,1.0
0.09260499999999999,0.14673699999999998,-1.1278620000000001,-0.486525,0.009542,d>e>c>b>a,4.0,3.0,2.0,0.0,1.0
0.006915,0.080816,-1.173643,-0.196703,0.044509,d>e>c>b>a,4.0,3.0,2.0,0.0,1.0
0.06937,0.05884299999999999,-1.219425,-0.24129099999999998,0.061992,d>e>c>b>a,4.0,3.0,2.0,0.0,1.0
0.15357300000000002,0.080816,-1.219425,-0.17440899999999998,0.027025,d>e>c>b>a,4.0,3.0,2.0,0.0,1.0
0.28573200000000004,0.12476400000000001,-0.944736,-0.196703,0.061992,d>e>c>b>a,4.0,3.0,2.0,0.0,1.0
0.378671,0.190684,-0.990518,-0.018351,0.17563299999999998,d>e>c>b>a,4.0,3.0,2.0,0.0,1.0
0.362685,0.168711,-1.0820809999999998,0.16,0.14940799999999999,d>e>b>c>a,4.0,2.0,3.0,0.0,1.0
0.308967,0.13575,-1.0820809999999998,0.09311799999999999,0.114442,d>e>c>b>a,4.0,3.0,2.0,0.0,1.0
0.35543600000000003,0.113777,-1.219425,0.182294,0.140666,d>e>c>b>a,4.0,3.0,2.0,0.0,1.0
0.308967,0.014896000000000001,-1.3109879999999998,0.09311799999999999,0.12318299999999999,d>e>c>b>a,4.0,3.0,2.0,0.0,1.0
0.324952,-0.105959,-1.265206,-0.040645,0.096958,e>d>c>b>a,4.0,3.0,2.0,1.0,0.0
0.269746,-0.14990599999999998,-1.1278620000000001,-0.263585,0.096958,d>e>c>b>a,4.0,3.0,2.0,0.0,1.0
0.19279300000000002,-0.20484000000000002,-1.173643,-0.46423100000000006,0.044509,d>e>c>b>a,4.0,3.0,2.0,0.0,1.0
0.15357300000000002,-0.22681300000000001,-1.265206,-0.375055,0.096958,d>e>c>b>a,4.0,3.0,2.0,0.0,1.0
0.18554400000000001,-0.215827,-1.219425,-0.41964300000000004,0.14940799999999999,d>e>c>b>a,4.0,3.0,2.0,0.0,1.0
0.208779,-0.24878699999999998,-1.3109879999999998,-0.5311130000000001,0.14940799999999999,d>e>c>b>a,4.0,3.0,2.0,0.0,1.0
0.19279300000000002,-0.22681300000000001,-1.402551,-0.486525,0.131925,d>e>c>b>a,4.0,3.0,2.0,0.0,1.0
0.24651199999999998,-0.215827,-1.585676,-0.5311130000000001,0.096958,d>e>c>b>a,4.0,3.0,2.0,0.0,1.0
0.146324,-0.28174699999999997,-1.768802,-0.642583,-0.042908,d>e>c>b>a,4.0,3.0,2.0,0.0,1.0
0.130338,-0.303721,-1.906147,-0.664876,-0.069132,d>e>c>b>a,4.0,3.0,2.0,0.0,1.0
0.16230899999999998,-0.314708,-1.9519279999999999,-0.642583,-0.069132,e>d>c>b>a,4.0,3.0,2.0,1.0,0.0
0.06937,-0.41358900000000004,-1.997709,-0.5979949999999999,-0.182773,d>e>c>b>a,4.0,3.0,2.0,0.0,1.0
0.060634,-0.358655,-1.997709,-0.664876,-0.22648200000000002,d>e>c>b>a,4.0,3.0,2.0,0.0,1.0
0.03015,-0.402602,-2.043491,-0.68717,-0.41879700000000003,e>d>c>b>a,4.0,3.0,2.0,1.0,0.0
0.083869,-0.347668,-2.043491,-0.820934,-0.663562,d>e>c>b>a,4.0,3.0,2.0,0.0,1.0
0.146324,-0.292734,-1.997709,-0.7540520000000001,-0.733495,d>e>c>b>a,4.0,3.0,2.0,0.0,1.0
0.269746,-0.336681,-2.1350540000000002,-0.664876,-0.716012,d>e>c>b>a,4.0,3.0,2.0,0.0,1.0
0.332201,-0.369642,-1.997709,-0.820934,-0.698529,d>e>c>b>a,4.0,3.0,2.0,0.0,1.0
0.38592,-0.402602,-2.0892720000000002,-1.02158,-0.584888,d>e>c>b>a,4.0,3.0,2.0,0.0,1.0
0.409155,-0.523457,-2.1350540000000002,-1.088462,-0.611113,d>e>c>b>a,4.0,3.0,2.0,0.0,1.0
0.409155,-0.51247,-2.1808349999999996,-1.043874,-0.532438,d>e>c>a>b,3.0,4.0,2.0,0.0,1.0
0.34818699999999997,-0.589377,-2.1350540000000002,-0.9101100000000001,-0.41879700000000003,d>e>c>a>b,3.0,4.0,2.0,0.0,1.0
0.339451,-0.611351,-1.9519279999999999,-0.999286,-0.322639,d>e>c>a>b,3.0,4.0,2.0,0.0,1.0
0.332201,-0.677272,-1.9519279999999999,-1.02158,-0.514955,d>e>c>a>b,3.0,4.0,2.0,0.0,1.0
0.324952,-0.677272,-1.906147,-0.999286,-0.558663,d>e>c>a>b,3.0,4.0,2.0,0.0,1.0
0.409155,-0.6223380000000001,-1.9519279999999999,-0.999286,-0.54118,d>e>c>a>b,3.0,4.0,2.0,0.0,1.0
0.409155,-0.611351,-1.997709,-0.999286,-0.497472,e>d>c>b>a,4.0,3.0,2.0,1.0,0.0
0.371422,-0.633324,-1.997709,-0.999286,-0.44502200000000003,d>e>c>a>b,3.0,4.0,2.0,0.0,1.0
0.28573200000000004,-0.644311,-1.860365,-1.066168,-0.401314,d>e>c>b>a,4.0,3.0,2.0,0.0,1.0
0.223277,-0.6552979999999999,-1.768802,-1.177638,-0.392572,d>e>c>a>b,3.0,4.0,2.0,0.0,1.0
0.23201300000000002,-0.666285,-1.539895,-1.1553440000000001,-0.392572,d>e>c>a>b,3.0,4.0,2.0,0.0,1.0
0.19279300000000002,-0.677272,-1.448332,-1.2668139999999999,-0.462505,d>e>c>b>a,4.0,3.0,2.0,0.0,1.0
0.262497,-0.6552979999999999,-1.402551,-1.199932,-0.401314,d>e>c>b>a,4.0,3.0,2.0,0.0,1.0
0.292981,-0.633324,-1.677239,-1.199932,-0.44502200000000003,d>e>c>b>a,4.0,3.0,2.0,0.0,1.0
0.432389,-0.589377,-1.768802,-1.066168,-0.44502200000000003,d>e>c>b>a,4.0,3.0,2.0,0.0,1.0
0.5020939999999999,-0.534443,-1.768802,-1.177638,-0.44502200000000003,d>e>c>a>b,3.0,4.0,2.0,0.0,1.0
0.49484399999999995,-0.523457,-1.814584,-1.177638,-0.44502200000000003,d>e>c>a>b,3.0,4.0,2.0,0.0,1.0
0.5020939999999999,-0.556417,-1.906147,-1.043874,-0.43628,d>e>c>b>a,4.0,3.0,2.0,0.0,1.0
0.518079,-0.523457,-1.860365,-0.9101100000000001,-0.41005600000000003,d>e>c>b>a,4.0,3.0,2.0,0.0,1.0
0.5717979999999999,-0.54543,-1.768802,-0.820934,-0.392572,d>e>c>a>b,3.0,4.0,2.0,0.0,1.0
0.634253,-0.523457,-1.585676,-0.46423100000000006,-0.296414,d>e>c>a>b,3.0,4.0,2.0,0.0,1.0
0.673473,-0.54543,-1.539895,-0.41964300000000004,-0.200257,d>e>c>a>b,3.0,4.0,2.0,0.0,1.0
0.627003,-0.567404,-1.585676,-0.285879,-0.252706,d>e>c>a>b,3.0,4.0,2.0,0.0,1.0
0.595032,-0.600364,-1.677239,-0.486525,-0.348864,d>e>c>a>b,3.0,4.0,2.0,0.0,1.0
0.657487,-0.589377,-1.631458,-0.731758,-0.340123,d>e>c>a>b,3.0,4.0,2.0,0.0,1.0
0.650238,-0.567404,-1.585676,-0.709464,-0.340123,d>e>c>a>b,3.0,4.0,2.0,0.0,1.0
0.796896,-0.534443,-1.539895,-0.664876,-0.287673,d>e>c>b>a,4.0,3.0,2.0,0.0,1.0
0.9058200000000001,-0.567404,-1.3109879999999998,-0.620289,-0.305156,d>e>c>b>a,4.0,3.0,2.0,0.0,1.0
0.8433649999999999,-0.611351,-1.265206,-0.731758,-0.322639,e>d>c>b>a,4.0,3.0,2.0,1.0,0.0
0.8825850000000001,-0.600364,-1.173643,-0.620289,-0.340123,d>e>c>b>a,4.0,3.0,2.0,0.0,1.0
0.889834,-0.556417,-1.173643,-0.5311130000000001,-0.383831,d>e>c>b>a,4.0,3.0,2.0,0.0,1.0
1.013257,-0.556417,-1.173643,-0.553407,-0.383831,e>d>c>b>a,4.0,3.0,2.0,1.0,0.0
0.9363040000000001,-0.523457,-1.1278620000000001,-0.46423100000000006,-0.366347,d>e>c>b>a,4.0,3.0,2.0,0.0,1.0
0.982773,-0.446549,-0.898955,-0.285879,-0.331381,d>e>c>b>a,4.0,3.0,2.0,0.0,1.0
0.990022,-0.479509,-0.853173,-0.39734899999999995,-0.340123,d>e>c>b>a,4.0,3.0,2.0,0.0,1.0
0.9595389999999999,-0.54543,-0.807392,-0.352761,-0.331381,e>d>c>b>a,4.0,3.0,2.0,1.0,0.0
0.9203180000000001,-0.567404,-0.853173,-0.486525,-0.375089,d>e>c>b>a,4.0,3.0,2.0,0.0,1.0
0.897084,-0.611351,-0.990518,-0.5979949999999999,-0.383831,e>d>c>b>a,4.0,3.0,2.0,1.0,0.0
1.013257,-0.57839,-0.944736,-0.5088189999999999,-0.348864,d>e>c>b>a,4.0,3.0,2.0,0.0,1.0
0.9363040000000001,-0.589377,-1.0820809999999998,-0.5979949999999999,-0.261448,d>e>c>b>a,4.0,3.0,2.0,0.0,1.0
0.990022,-0.589377,-1.173643,-0.5979949999999999,-0.27019,d>e>c>b>a,4.0,3.0,2.0,0.0,1.0
0.990022,-0.54543,-1.173643,-0.5088189999999999,-0.305156,e>d>c>b>a,4.0,3.0,2.0,1.0,0.0
0.9595389999999999,-0.51247,-1.219425,-0.352761,-0.305156,e>d>c>b>a,4.0,3.0,2.0,1.0,0.0
0.9435530000000001,-0.534443,-1.1278620000000001,-0.330467,-0.305156,e>d>c>b>a,4.0,3.0,2.0,1.0,0.0
0.9667879999999999,-0.589377,-1.219425,-0.46423100000000006,-0.313898,e>d>c>b>a,4.0,3.0,2.0,1.0,0.0
1.006008,-0.57839,-1.265206,-0.375055,-0.348864,e>d>c>b>a,4.0,3.0,2.0,1.0,0.0
1.013257,-0.567404,-1.3109879999999998,-0.352761,-0.340123,e>d>c>b>a,4.0,3.0,2.0,1.0,0.0
0.9987590000000001,-0.57839,-1.3109879999999998,-0.263585,-0.278931,e>d>c>b>a,4.0,3.0,2.0,1.0,0.0
0.9058200000000001,-0.57839,-1.3109879999999998,-0.46423100000000006,-0.305156,e>d>c>b>a,4.0,3.0,2.0,1.0,0.0
0.8825850000000001,-0.57839,-1.402551,-0.553407,-0.322639,e>d>c>b>a,4.0,3.0,2.0,1.0,0.0
0.8433649999999999,-0.589377,-1.723021,-0.709464,-0.401314,e>d>c>b>a,4.0,3.0,2.0,1.0,0.0
0.8128810000000001,-0.6552979999999999,-1.860365,-0.820934,-0.672304,e>d>c>b>a,4.0,3.0,2.0,1.0,0.0
0.804145,-0.633324,-1.860365,-0.8655219999999999,-0.75972,e>d>c>b>a,4.0,3.0,2.0,1.0,0.0
0.804145,-0.644311,-1.860365,-0.820934,-0.689787,e>d>c>b>a,4.0,3.0,2.0,1.0,0.0
0.8128810000000001,-0.677272,-1.860365,-0.731758,-0.681046,e>d>c>b>a,4.0,3.0,2.0,1.0,0.0
0.734441,-0.743192,-1.860365,-0.8432280000000001,-0.925811,e>d>c>b>a,4.0,3.0,2.0,1.0,0.0
0.796896,-0.809113,-1.768802,-0.9101100000000001,-0.987002,e>d>c>b>a,4.0,3.0,2.0,1.0,0.0
0.9522889999999999,-0.787139,-1.768802,-0.79864,-0.969519,e>d>c>b>a,4.0,3.0,2.0,1.0,0.0
0.9987590000000001,-0.809113,-1.768802,-0.731758,-0.8383950000000001,e>d>c>b>a,4.0,3.0,2.0,1.0,0.0
1.0292430000000001,-0.8310860000000001,-1.814584,-0.776346,-0.925811,e>d>c>b>a,4.0,3.0,2.0,1.0,0.0
1.059727,-0.8310860000000001,-1.723021,-0.5088189999999999,-0.9345530000000001,e>d>c>b>a,4.0,3.0,2.0,1.0,0.0
1.021993,-0.85306,-1.860365,-0.486525,-0.8908450000000001,e>d>c>b>a,4.0,3.0,2.0,1.0,0.0
1.045228,-0.875034,-1.768802,-0.308173,-0.908328,e>d>c>b>a,4.0,3.0,2.0,1.0,0.0
1.045228,-0.929968,-1.814584,-0.285879,-0.925811,e>d>c>b>a,4.0,3.0,2.0,1.0,0.0
1.145416,-0.9409540000000001,-1.814584,-0.39734899999999995,-0.960777,e>d>c>b>a,4.0,3.0,2.0,1.0,0.0
1.308059,-0.9189809999999999,-1.768802,-0.107527,-0.8383950000000001,e>d>c>b>a,4.0,3.0,2.0,1.0,0.0
1.308059,-0.897007,-1.723021,-0.129821,-0.908328,e>d>c>b>a,4.0,3.0,2.0,1.0,0.0
1.2456040000000002,-0.8640469999999999,-1.677239,-0.085233,-1.039452,e>d>c>b>a,4.0,3.0,2.0,1.0,0.0
1.21512,-0.85306,-1.631458,-0.263585,-1.118127,e>d>c>b>a,4.0,3.0,2.0,1.0,0.0
1.254341,-0.8310860000000001,-1.631458,-0.375055,-1.100643,e>d>c>b>a,4.0,3.0,2.0,1.0,0.0
1.30081,-0.8201,-1.448332,-0.39734899999999995,-1.0831600000000001,e>d>c>b>a,4.0,3.0,2.0,1.0,0.0
1.3777629999999998,-0.842073,-1.448332,-0.352761,-1.056935,e>d>c>b>a,4.0,3.0,2.0,1.0,0.0
1.408247,-0.842073,-1.448332,-0.39734899999999995,-1.039452,e>d>c>b>a,4.0,3.0,2.0,1.0,0.0
1.5011860000000001,-0.875034,-1.3567690000000001,-0.41964300000000004,-1.039452,e>d>c>b>a,4.0,3.0,2.0,1.0,0.0
1.594125,-0.842073,-1.3567690000000001,-0.5979949999999999,-1.039452,e>d>c>b>a,4.0,3.0,2.0,1.0,0.0
1.540406,-0.842073,-1.219425,-0.41964300000000004,-1.039452,e>d>c>a>b,3.0,4.0,2.0,1.0,0.0
1.547656,-0.787139,-1.1278620000000001,-0.5088189999999999,-1.056935,e>d>c>b>a,4.0,3.0,2.0,1.0,0.0
1.556392,-0.765166,-1.173643,-0.486525,-1.065677,e>c>d>b>a,4.0,3.0,1.0,2.0,0.0
1.594125,-0.743192,-1.173643,-0.486525,-1.0831600000000001,e>d>c>a>b,3.0,4.0,2.0,1.0,0.0
1.726284,-0.787139,-1.036299,-0.44193699999999997,-1.056935,e>c>d>a>b,3.0,4.0,1.0,2.0,0.0
1.826472,-0.754179,-1.0820809999999998,-0.39734899999999995,-1.03071,e>c>d>a>b,3.0,4.0,1.0,2.0,0.0
1.756768,-0.7212189999999999,-0.990518,-0.41964300000000004,-1.048194,e>c>d>a>b,3.0,4.0,1.0,2.0,0.0
1.7422689999999998,-0.732205,-0.944736,-0.39734899999999995,-1.048194,e>c>d>a>b,3.0,4.0,1.0,2.0,0.0
1.672565,-0.710232,-0.944736,-0.41964300000000004,-1.056935,e>c>d>b>a,4.0,3.0,1.0,2.0,0.0
1.586876,-0.699245,-1.0820809999999998,-0.486525,-1.048194,e>c>d>b>a,4.0,3.0,1.0,2.0,0.0
1.912162,-0.710232,-1.036299,-0.39734899999999995,-1.0919020000000002,e>c>d>b>a,4.0,3.0,1.0,2.0,0.0
1.947014,-0.710232,-0.944736,-0.152115,-1.170576,e>d>c>b>a,4.0,3.0,2.0,1.0,0.0
2.0283349999999998,-0.7212189999999999,-1.0820809999999998,-0.285879,-1.284217,e>c>d>b>a,4.0,3.0,1.0,2.0,0.0
2.063187,-0.743192,-0.990518,-0.062939,-1.502758,e>c>d>a>b,3.0,4.0,1.0,2.0,0.0
2.063187,-0.732205,-0.944736,0.070824,-1.555208,e>c>d>b>a,4.0,3.0,1.0,2.0,0.0
1.9586310000000002,-0.776153,-1.0820809999999998,-0.018351,-1.581432,e>c>d>b>a,4.0,3.0,1.0,2.0,0.0
1.9237790000000001,-0.776153,-1.0820809999999998,0.003943,-1.555208,e>c>d>a>b,3.0,4.0,1.0,2.0,0.0
1.8773099999999998,-0.8310860000000001,-1.036299,0.048530000000000004,-1.494016,e>c>d>a>b,3.0,4.0,1.0,2.0,0.0
1.9586310000000002,-0.8310860000000001,-0.853173,-0.263585,-1.7562650000000002,e>c>d>a>b,3.0,4.0,1.0,2.0,0.0
1.807605,-0.9189809999999999,-0.807392,-0.375055,-1.8436810000000001,e>c>d>a>b,3.0,4.0,1.0,2.0,0.0
1.7959880000000001,-1.006875,-0.853173,-0.68717,-1.8436810000000001,e>c>d>a>b,3.0,4.0,1.0,2.0,0.0
1.8308400000000002,-1.039835,-0.898955,-0.642583,-1.8174560000000002,e>c>d>a>b,3.0,4.0,1.0,2.0,0.0
1.935396,-0.984901,-0.853173,-0.46423100000000006,-1.7912310000000002,e>c>d>a>b,3.0,4.0,1.0,2.0,0.0
1.9586310000000002,-1.039835,-0.34957699999999997,-0.46423100000000006,-1.747523,e>c>d>a>b,3.0,4.0,1.0,2.0,0.0
1.912162,-1.050822,0.10823699999999999,-0.44193699999999997,-1.703815,e>c>d>a>b,3.0,4.0,1.0,2.0,0.0
1.970248,-1.050822,-0.258015,-0.5311130000000001,-1.590174,e>c>d>a>b,3.0,4.0,1.0,2.0,0.0
2.0283349999999998,-1.039835,-0.34957699999999997,-0.664876,-1.528983,e>c>d>a>b,3.0,4.0,1.0,2.0,0.0
1.981866,-1.0727959999999999,-0.853173,-0.8432280000000001,-1.397858,e>c>d>a>b,3.0,4.0,1.0,2.0,0.0
2.098039,-1.039835,-0.898955,-0.8878159999999999,-1.223026,e>c>d>a>b,3.0,4.0,1.0,2.0,0.0
2.086422,-0.9629280000000001,-0.807392,-0.9101100000000001,-1.179318,e>c>d>a>b,3.0,4.0,1.0,2.0,0.0
2.05157,-0.9958879999999999,-0.944736,-0.976992,-1.1880600000000001,e>c>d>a>b,3.0,4.0,1.0,2.0,0.0
2.190978,-1.061809,-0.853173,-0.8655219999999999,-1.214284,e>c>d>a>b,3.0,4.0,1.0,2.0,0.0
2.156126,-1.0727959999999999,-0.853173,-0.820934,-1.205543,e>c>d>a>b,3.0,4.0,1.0,2.0,0.0
2.156126,-1.083782,-0.990518,-0.664876,-1.118127,e>c>d>b>a,4.0,3.0,1.0,2.0,0.0
2.156126,-1.061809,-1.036299,-0.664876,-1.284217,e>c>d>b>a,4.0,3.0,1.0,2.0,0.0
2.074805,-1.083782,-1.173643,-0.664876,-1.371634,e>c>d>a>b,3.0,4.0,1.0,2.0,0.0
2.0051,-1.094769,-1.265206,-0.7540520000000001,-1.2492510000000001,e>c>d>a>b,3.0,4.0,1.0,2.0,0.0
1.9586310000000002,-1.050822,-1.3567690000000001,-0.7540520000000001,-1.284217,e>c>d>b>a,4.0,3.0,1.0,2.0,0.0
1.865692,-1.0727959999999999,-1.448332,-0.79864,-1.301701,e>c>d>b>a,4.0,3.0,1.0,2.0,0.0
1.6681970000000002,-1.182663,-1.677239,-0.976992,-1.362892,e>c>d>a>b,3.0,4.0,1.0,2.0,0.0
1.761136,-1.171677,-1.631458,-0.999286,-1.345409,e>c>d>a>b,3.0,4.0,1.0,2.0,0.0
1.888927,-1.2266110000000001,-1.448332,-0.976992,-1.301701,e>c>d>a>b,3.0,4.0,1.0,2.0,0.0
1.970248,-1.270558,-1.448332,-0.976992,-1.275476,e>c>d>a>b,3.0,4.0,1.0,2.0,0.0
1.981866,-1.457333,-1.173643,-1.2668139999999999,-1.266734,e>c>d>b>a,4.0,3.0,1.0,2.0,0.0
1.9237790000000001,-1.512267,-0.990518,-1.222226,-1.266734,e>c>d>b>a,4.0,3.0,1.0,2.0,0.0
1.8424580000000002,-1.512267,-1.0820809999999998,-1.289108,-1.223026,e>c>d>a>b,3.0,4.0,1.0,2.0,0.0
1.65658,-1.512267,-0.944736,-1.311402,-1.2492510000000001,e>c>d>a>b,3.0,4.0,1.0,2.0,0.0
1.447467,-1.380426,-0.898955,-1.199932,-1.179318,e>c>d>b>a,4.0,3.0,1.0,2.0,0.0
1.493937,-1.314505,-1.036299,-1.2668139999999999,-1.1443510000000001,e>c>d>b>a,4.0,3.0,1.0,2.0,0.0
1.168651,-1.2266110000000001,-1.173643,-1.289108,-1.196801,e>c>d>b>a,4.0,3.0,1.0,2.0,0.0
1.308059,-1.248584,-1.3109879999999998,-1.489753,-1.292959,e>c>d>b>a,4.0,3.0,1.0,2.0,0.0
1.400998,-1.347465,-1.3567690000000001,-1.512047,-1.2492510000000001,e>c>d>b>a,4.0,3.0,1.0,2.0,0.0
1.540406,-1.402399,-1.402551,-1.467459,-1.266734,c>e>d>b>a,4.0,3.0,0.0,2.0,1.0
1.424233,-1.446346,-1.494114,-1.467459,-1.179318,c>e>d>b>a,4.0,3.0,0.0,2.0,1.0
1.3661459999999999,-1.490293,-1.0820809999999998,-1.578929,-1.196801,c>e>d>b>a,4.0,3.0,0.0,2.0,1.0
1.308059,-1.50128,-1.0820809999999998,-1.712693,-1.214284,c>e>d>b>a,4.0,3.0,0.0,2.0,1.0
1.342911,-1.490293,-1.1278620000000001,-1.668105,-1.214284,c>e>d>b>a,4.0,3.0,0.0,2.0,1.0
1.180268,-1.50128,-1.219425,-1.712693,-1.205543,e>c>d>b>a,4.0,3.0,1.0,2.0,0.0
0.982773,-1.567201,-1.219425,-1.8241630000000002,-1.196801,e>c>d>b>a,4.0,3.0,1.0,2.0,0.0
0.982773,-1.479307,-1.036299,-1.6903990000000002,-1.118127,e>c>d>b>a,4.0,3.0,1.0,2.0,0.0
0.7620439999999999,-1.46832,-1.0820809999999998,-1.757281,-1.153093,e>c>b>d>a,4.0,2.0,1.0,3.0,0.0
0.657487,-1.446346,-1.1278620000000001,-1.779575,-1.223026,e>c>b>a>d,3.0,2.0,1.0,4.0,0.0
0.42513999999999996,-1.50128,-1.265206,-1.913339,-1.371634,e>c>b>a>d,3.0,2.0,1.0,4.0,0.0
0.738809,-1.556214,-1.402551,-1.957927,-1.389117,e>c>b>a>d,3.0,2.0,1.0,4.0,0.0
0.9711559999999999,-1.556214,-1.3109879999999998,-1.891045,-1.389117,e>c>b>a>d,3.0,2.0,1.0,4.0,0.0
0.924686,-1.5452270000000001,-1.3567690000000001,-1.9356330000000002,-1.4066,e>c>d>b>a,4.0,3.0,1.0,2.0,0.0
1.006008,-1.556214,-1.3567690000000001,-1.913339,-1.336667,e>c>d>a>b,3.0,4.0,1.0,2.0,0.0
0.9595389999999999,-1.6441080000000001,-1.539895,-1.9356330000000002,-1.362892,e>c>a>d>b,2.0,4.0,1.0,3.0,0.0
0.9595389999999999,-1.677069,-1.539895,-1.957927,-1.275476,e>c>d>a>b,3.0,4.0,1.0,2.0,0.0
0.994391,-1.6441080000000001,-1.402551,-1.891045,-1.205543,c>e>a>d>b,2.0,4.0,0.0,3.0,1.0
1.006008,-1.622135,-1.265206,-1.801869,-1.161835,e>c>b>a>d,3.0,2.0,1.0,4.0,0.0
0.8666,-1.6441080000000001,-1.402551,-1.8241630000000002,-1.074418,e>c>b>d>a,4.0,2.0,1.0,3.0,0.0
0.8433649999999999,-1.611148,-1.448332,-1.6458110000000001,-0.925811,c>e>b>d>a,4.0,2.0,0.0,3.0,1.0
0.878217,-1.6441080000000001,-1.448332,-1.601223,-0.8471360000000001,e>c>b>d>a,4.0,2.0,1.0,3.0,0.0
0.901452,-1.677069,-1.3567690000000001,-1.556635,-0.785945,c>e>b>d>a,4.0,2.0,0.0,3.0,1.0
0.901452,-1.6441080000000001,-1.173643,-1.467459,-0.698529,c>e>b>d>a,4.0,2.0,0.0,3.0,1.0
0.8317479999999999,-1.633122,-1.036299,-1.378283,-0.497472,c>e>b>d>a,4.0,2.0,0.0,3.0,1.0
0.7620439999999999,-1.633122,-0.990518,-1.3559889999999999,-0.628596,c>e>b>d>a,4.0,2.0,0.0,3.0,1.0
0.7155739999999999,-1.655095,-0.807392,-1.3559889999999999,-0.75972,c>e>b>d>a,4.0,2.0,0.0,3.0,1.0
0.680722,-1.666082,-0.807392,-1.422871,-0.768462,c>e>b>d>a,4.0,2.0,0.0,3.0,1.0
0.5645479999999999,-1.6441080000000001,-0.853173,-1.311402,-0.8383950000000001,c>e>b>d>a,4.0,2.0,0.0,3.0,1.0
0.5529310000000001,-1.633122,-1.173643,-1.222226,-0.9345530000000001,c>e>b>d>a,4.0,2.0,0.0,3.0,1.0
0.49484399999999995,-1.534241,-1.0820809999999998,-1.177638,-1.013227,c>e>b>a>d,3.0,2.0,0.0,4.0,1.0
0.227645,-1.589174,-1.0820809999999998,-1.222226,-1.056935,c>e>b>a>d,3.0,2.0,0.0,4.0,1.0
0.262497,-1.732003,-1.0820809999999998,-1.24452,-0.9432940000000001,c>e>b>a>d,3.0,2.0,0.0,4.0,1.0
0.274115,-1.742989,-1.219425,-1.311402,-0.9957440000000001,c>e>b>a>d,3.0,2.0,0.0,4.0,1.0
0.157941,-1.77595,-1.3567690000000001,-1.378283,-1.048194,c>b>e>a>d,3.0,1.0,0.0,4.0,2.0
0.343819,-1.786937,-1.494114,-1.422871,-1.004486,c>b>e>a>d,3.0,1.0,0.0,4.0,2.0
0.5877829999999999,-1.8418700000000001,-1.448332,-1.24452,-0.9520360000000001,c>e>b>d>a,4.0,2.0,0.0,3.0,1.0
0.49484399999999995,-1.907791,-1.3567690000000001,-1.3559889999999999,-0.908328,c>e>b>a>d,3.0,2.0,0.0,4.0,1.0
0.436758,-1.8748310000000001,-1.3109879999999998,-1.445165,-0.925811,c>e>b>a>d,3.0,2.0,0.0,4.0,1.0
0.47161000000000003,-1.8089099999999998,-1.3109879999999998,-1.2668139999999999,-0.9345530000000001,c>e>b>a>d,3.0,2.0,0.0,4.0,1.0
0.518079,-1.622135,-1.3109879999999998,-1.289108,-0.855878,c>e>b>a>d,3.0,2.0,0.0,4.0,1.0
0.5529310000000001,-1.666082,-1.219425,-1.066168,-0.733495,c>e>b>a>d,3.0,2.0,0.0,4.0,1.0
0.5994010000000001,-1.6990419999999997,-1.3109879999999998,-1.088462,-0.689787,c>e>b>a>d,3.0,2.0,0.0,4.0,1.0
0.5529310000000001,-1.8089099999999998,-1.448332,-0.9101100000000001,-0.698529,c>e>b>a>d,3.0,2.0,0.0,4.0,1.0
0.47161000000000003,-1.8638439999999998,-1.585676,-1.043874,-0.794687,c>e>b>a>d,3.0,2.0,0.0,4.0,1.0
0.6110180000000001,-1.852857,-1.494114,-1.088462,-0.8383950000000001,c>e>b>a>d,3.0,2.0,0.0,4.0,1.0
0.750426,-1.8968040000000002,-1.585676,-1.13305,-0.785945,c>e>b>a>d,3.0,2.0,0.0,4.0,1.0
0.692339,-2.017659,-1.631458,-1.289108,-0.873361,c>e>b>a>d,3.0,2.0,0.0,4.0,1.0
0.750426,-2.105553,-1.677239,-1.289108,-0.8383950000000001,e>c>b>a>d,3.0,2.0,1.0,4.0,0.0
0.9595389999999999,-2.1714740000000003,-1.585676,-1.222226,-0.8383950000000001,e>c>b>a>d,3.0,2.0,1.0,4.0,0.0
0.982773,-2.0396330000000003,-1.494114,-1.088462,-0.742237,c>e>b>a>d,3.0,2.0,0.0,4.0,1.0
0.982773,-2.0506189999999997,-1.3567690000000001,-0.976992,-0.576146,c>e>b>a>d,3.0,2.0,0.0,4.0,1.0
0.878217,-2.094566,-1.3567690000000001,-1.066168,-0.637338,c>e>b>a>d,3.0,2.0,0.0,4.0,1.0
0.854982,-2.105553,-1.265206,-1.199932,-0.672304,c>e>b>a>d,3.0,2.0,0.0,4.0,1.0
0.924686,-1.9187779999999999,-1.3109879999999998,-1.222226,-0.646079,c>e>b>a>d,3.0,2.0,0.0,4.0,1.0
0.7620439999999999,-1.8968040000000002,-1.3109879999999998,-1.1553440000000001,-0.716012,c>e>b>a>d,3.0,2.0,0.0,4.0,1.0
0.7620439999999999,-1.9187779999999999,-1.265206,-1.311402,-0.75972,c>e>b>a>d,3.0,2.0,0.0,4.0,1.0
0.6110180000000001,-1.907791,-1.173643,-1.2668139999999999,-0.8034279999999999,c>e>b>a>d,3.0,2.0,0.0,4.0,1.0
0.634253,-1.764963,-1.036299,-1.3559889999999999,-0.8471360000000001,c>e>b>a>d,3.0,2.0,0.0,4.0,1.0
0.5877829999999999,-1.8089099999999998,-0.624266,-1.2668139999999999,-0.9520360000000001,c>b>e>a>d,3.0,1.0,0.0,4.0,2.0
0.750426,-1.797923,-0.44114,-1.289108,-0.855878,c>b>e>a>d,3.0,1.0,0.0,4.0,2.0
0.7620439999999999,-1.8418700000000001,-0.76161,-1.289108,-0.785945,c>b>e>a>d,3.0,1.0,0.0,4.0,2.0
0.692339,-1.830884,-0.76161,-1.199932,-0.663562,c>b>e>a>d,3.0,1.0,0.0,4.0,2.0
0.6110180000000001,-1.786937,-0.624266,-1.088462,-0.689787,c>b>e>a>d,3.0,1.0,0.0,4.0,2.0
0.5877829999999999,-1.77595,-0.715829,-0.976992,-0.750979,c>b>e>a>d,3.0,1.0,0.0,4.0,2.0
0.6458699999999999,-1.764963,-0.715829,-0.820934,-0.794687,c>b>e>a>d,3.0,1.0,0.0,4.0,2.0
0.727191,-1.732003,-0.76161,-0.8655219999999999,-0.707271,c>b>e>a>d,3.0,1.0,0.0,4.0,2.0
0.7852779999999999,-1.7539759999999998,-0.624266,-0.8655219999999999,-0.663562,c>b>e>a>d,3.0,1.0,0.0,4.0,2.0
0.8317479999999999,-1.8089099999999998,-0.624266,-0.79864,-0.663562,c>b>e>a>d,3.0,1.0,0.0,4.0,2.0
0.796896,-1.8748310000000001,-0.624266,-0.620289,-0.698529,c>b>e>a>d,3.0,1.0,0.0,4.0,2.0
0.7852779999999999,-1.8748310000000001,-0.5327029999999999,-0.776346,-0.637338,c>b>e>a>d,3.0,1.0,0.0,4.0,2.0
0.8666,-1.819897,-0.303796,-0.664876,-0.654821,c>b>e>a>d,3.0,1.0,0.0,4.0,2.0
0.436758,-1.8418700000000001,-0.395359,-0.620289,-0.768462,c>e>b>a>d,3.0,2.0,0.0,4.0,1.0
0.5877829999999999,-1.830884,-0.486922,-0.5979949999999999,-0.8034279999999999,c>e>b>a>d,3.0,2.0,0.0,4.0,1.0
0.622635,-1.8418700000000001,-0.486922,-0.5088189999999999,-0.8034279999999999,c>e>b>a>d,3.0,2.0,0.0,4.0,1.0
0.5296960000000001,-1.830884,-0.395359,-0.5979949999999999,-0.8383950000000001,c>b>e>a>d,3.0,1.0,0.0,4.0,2.0
0.5529310000000001,-1.819897,-0.303796,-0.575701,-0.8908450000000001,c>e>b>a>d,3.0,2.0,0.0,4.0,1.0
0.459992,-1.8089099999999998,-0.258015,-0.642583,-0.9957440000000001,c>b>e>a>d,3.0,1.0,0.0,4.0,2.0
0.47161000000000003,-1.8748310000000001,-0.303796,-0.5979949999999999,-1.196801,c>b>e>a>d,3.0,1.0,0.0,4.0,2.0
0.5877829999999999,-1.8089099999999998,-0.303796,-0.44193699999999997,-1.223026,c>b>e>a>d,3.0,1.0,0.0,4.0,2.0
0.657487,-1.8089099999999998,-0.34957699999999997,-0.553407,-1.301701,c>e>b>a>d,3.0,2.0,0.0,4.0,1.0
0.7039569999999999,-1.830884,-0.303796,-0.352761,-1.284217,c>e>b>a>d,3.0,2.0,0.0,4.0,1.0
0.7736609999999999,-1.786937,-0.166452,-0.352761,-1.153093,c>e>b>a>d,3.0,2.0,0.0,4.0,1.0
0.7620439999999999,-1.77595,0.15401800000000002,-0.285879,-1.126868,c>e>b>a>d,3.0,2.0,0.0,4.0,1.0
0.7039569999999999,-1.6990419999999997,0.42870699999999995,-0.040645,-1.109385,c>e>b>a>d,3.0,2.0,0.0,4.0,1.0
0.6458699999999999,-1.710029,0.611833,-0.129821,-1.205543,c>e>b>a>d,3.0,2.0,0.0,4.0,1.0
0.6691050000000001,-1.742989,0.657614,-0.107527,-1.196801,c>e>b>a>d,3.0,2.0,0.0,4.0,1.0
0.727191,-1.7210159999999999,0.42870699999999995,0.09311799999999999,-1.196801,c>e>b>a>d,3.0,2.0,0.0,4.0,1.0
0.6691050000000001,-1.6990419999999997,0.38292600000000004,0.16,-1.205543,c>e>b>a>d,3.0,2.0,0.0,4.0,1.0
0.6458699999999999,-1.633122,0.1998,0.11541199999999999,-1.196801,c>e>b>a>d,3.0,2.0,0.0,4.0,1.0
0.6110180000000001,-1.6001610000000002,0.245581,0.20458800000000002,-1.1880600000000001,c>e>b>a>d,3.0,2.0,0.0,4.0,1.0
0.6458699999999999,-1.567201,0.337144,0.449822,-1.231768,c>e>b>a>d,3.0,2.0,0.0,4.0,1.0
0.680722,-1.6001610000000002,0.337144,0.29376399999999997,-1.284217,c>e>b>a>d,3.0,2.0,0.0,4.0,1.0
0.738809,-1.6441080000000001,0.15401800000000002,0.137706,-1.284217,c>e>b>a>d,3.0,2.0,0.0,4.0,1.0
0.796896,-1.578188,0.42870699999999995,0.048530000000000004,-1.284217,c>e>b>a>d,3.0,2.0,0.0,4.0,1.0
0.7620439999999999,-1.633122,0.29136300000000004,-0.062939,-1.301701,c>e>b>a>d,3.0,2.0,0.0,4.0,1.0
0.7736609999999999,-1.655095,0.566051,-0.152115,-1.397858,c>e>b>a>d,3.0,2.0,0.0,4.0,1.0
0.738809,-1.666082,0.29136300000000004,-0.285879,-1.441566,c>e>b>a>d,3.0,2.0,0.0,4.0,1.0
0.738809,-1.666082,0.337144,-0.24129099999999998,-1.45905,c>e>b>a>d,3.0,2.0,0.0,4.0,1.0
0.692339,-1.6441080000000001,0.337144,-0.24129099999999998,-1.5377239999999999,c>e>b>a>d,3.0,2.0,0.0,4.0,1.0
0.6458699999999999,-1.633122,-0.029107,-0.263585,-1.62514,c>e>b>a>d,3.0,2.0,0.0,4.0,1.0
0.634253,-1.666082,-0.12067,-0.352761,-1.598916,c>e>b>a>d,3.0,2.0,0.0,4.0,1.0
0.7852779999999999,-1.633122,-0.029107,-0.285879,-1.476533,c>e>b>a>d,3.0,2.0,0.0,4.0,1.0
0.622635,-1.666082,-0.12067,-0.375055,-1.546466,c>e>b>a>d,3.0,2.0,0.0,4.0,1.0
0.5645479999999999,-1.885818,0.245581,-0.375055,-2.070963,c>e>b>a>d,3.0,2.0,0.0,4.0,1.0
0.5413140000000001,-1.995685,0.245581,-0.46423100000000006,-2.298245,c>b>e>a>d,3.0,1.0,0.0,4.0,2.0
0.657487,-1.995685,0.29136300000000004,-0.46423100000000006,-2.315728,c>e>b>a>d,3.0,2.0,0.0,4.0,1.0
0.6691050000000001,-2.0286459999999997,0.566051,-0.21899699999999997,-2.228312,c>e>b>a>d,3.0,2.0,0.0,4.0,1.0
0.5994010000000001,-2.0506189999999997,0.566051,-0.107527,-2.2020869999999997,c>b>e>a>d,3.0,1.0,0.0,4.0,2.0
0.5877829999999999,-1.9846990000000002,0.42870699999999995,0.003943,-2.245795,c>b>e>a>d,3.0,1.0,0.0,4.0,2.0
0.692339,-2.006672,0.42870699999999995,0.026236000000000002,-2.21957,c>b>e>a>d,3.0,1.0,0.0,4.0,2.0
0.9595389999999999,-1.8089099999999998,0.47448900000000005,0.048530000000000004,-2.149638,c>e>b>a>d,3.0,2.0,0.0,4.0,1.0
1.052477,-1.6441080000000001,0.38292600000000004,0.182294,-2.027255,c>e>b>a>d,3.0,2.0,0.0,4.0,1.0
0.982773,-1.2925309999999999,0.657614,0.8288190000000001,-1.721298,c>b>e>a>d,3.0,1.0,0.0,4.0,2.0
0.854982,-1.171677,0.7491770000000001,0.8734069999999999,-1.6688490000000002,c>b>e>a>d,3.0,1.0,0.0,4.0,2.0
0.854982,-1.215624,0.8865219999999999,0.739643,-1.703815,c>b>e>a>d,3.0,1.0,0.0,4.0,2.0
1.006008,-1.314505,0.52027,0.962583,-1.799973,c>b>e>a>d,3.0,1.0,0.0,4.0,2.0
1.0408600000000001,-1.446346,0.42870699999999995,1.163229,-1.7387810000000001,c>b>e>a>d,3.0,1.0,0.0,4.0,2.0
0.8317479999999999,-1.391412,0.245581,1.319287,-1.6513650000000002,c>b>e>a>d,3.0,1.0,0.0,4.0,2.0
0.8666,-1.3254920000000001,0.29136300000000004,1.319287,-1.660107,c>b>e>a>d,3.0,1.0,0.0,4.0,2.0
0.924686,-1.2375969999999998,0.38292600000000004,1.140935,-1.642624,c>b>e>a>d,3.0,1.0,0.0,4.0,2.0
1.064095,-1.336478,0.245581,0.962583,-1.616399,c>b>e>a>d,3.0,1.0,0.0,4.0,2.0
1.098947,-1.358452,-0.12067,0.9402889999999999,-1.546466,c>b>e>a>d,3.0,1.0,0.0,4.0,2.0
1.273207,-1.578188,-0.670048,1.0740530000000001,-1.4066,c>b>e>a>d,3.0,1.0,0.0,4.0,2.0
1.2267379999999999,-1.534241,-0.76161,0.895701,-1.450308,c>b>e>a>d,3.0,1.0,0.0,4.0,2.0
1.308059,-1.402399,-0.5327029999999999,1.296993,-1.074418,c>b>e>a>d,3.0,1.0,0.0,4.0,2.0
1.21512,-1.490293,-0.44114,1.1855229999999999,-1.1880600000000001,c>b>e>a>d,3.0,1.0,0.0,4.0,2.0
1.331294,-1.446346,-0.486922,1.319287,-1.223026,c>b>e>a>d,3.0,1.0,0.0,4.0,2.0
1.2499719999999999,-1.534241,-0.258015,1.296993,-0.969519,c>b>e>a>d,3.0,1.0,0.0,4.0,2.0
0.9595389999999999,-1.633122,-0.212233,1.252405,-0.777203,c>b>a>e>d,2.0,1.0,0.0,4.0,3.0
0.854982,-1.490293,-0.166452,1.096347,-0.8383950000000001,c>b>a>e>d,2.0,1.0,0.0,4.0,3.0
0.9363040000000001,-1.5452270000000001,0.062456,0.9402889999999999,-0.960777,c>b>a>e>d,2.0,1.0,0.0,4.0,3.0
1.0292430000000001,-1.622135,-0.258015,1.0071709999999998,-1.03071,c>b>a>e>d,2.0,1.0,0.0,4.0,3.0
1.064095,-1.633122,-0.34957699999999997,0.8288190000000001,-1.100643,c>b>a>e>d,2.0,1.0,0.0,4.0,3.0
0.9363040000000001,-1.655095,-0.34957699999999997,0.761937,-1.118127,c>b>a>e>d,2.0,1.0,0.0,4.0,3.0
0.889834,-1.622135,-0.624266,0.784231,-1.214284,c>b>a>e>d,2.0,1.0,0.0,4.0,3.0
0.924686,-1.556214,-0.990518,0.561292,-1.35415,c>b>a>e>d,2.0,1.0,0.0,4.0,3.0
0.8317479999999999,-1.556214,-0.944736,0.672762,-1.266734,c>b>a>e>d,2.0,1.0,0.0,4.0,3.0
0.7620439999999999,-1.6880549999999999,-1.0820809999999998,0.49441,-1.345409,c>b>e>a>d,3.0,1.0,0.0,4.0,2.0
0.8666,-1.666082,-1.402551,0.38294,-1.415342,c>b>e>a>d,3.0,1.0,0.0,4.0,2.0
0.9595389999999999,-1.666082,-1.539895,0.182294,-1.432825,c>b>e>a>d,3.0,1.0,0.0,4.0,2.0
1.052477,-1.710029,-1.539895,0.20458800000000002,-1.389117,c>b>e>a>d,3.0,1.0,0.0,4.0,2.0
1.075712,-1.7210159999999999,-1.402551,0.27147,-1.397858,c>b>e>a>d,3.0,1.0,0.0,4.0,2.0
1.145416,-1.710029,-1.265206,0.717349,-1.4066,c>b>e>a>d,3.0,1.0,0.0,4.0,2.0
1.145416,-1.710029,-1.265206,0.628174,-1.397858,c>b>e>a>d,3.0,1.0,0.0,4.0,2.0
1.145416,-1.732003,-1.0820809999999998,0.672762,-1.389117,c>b>e>a>d,3.0,1.0,0.0,4.0,2.0
1.075712,-1.786937,-1.219425,0.672762,-1.424083,c>b>e>a>d,3.0,1.0,0.0,4.0,2.0
0.9711559999999999,-1.764963,-1.1278620000000001,0.717349,-1.424083,c>b>e>a>d,3.0,1.0,0.0,4.0,2.0
0.913069,-1.77595,-1.1278620000000001,0.717349,-1.450308,c>b>e>a>d,3.0,1.0,0.0,4.0,2.0
0.9711559999999999,-1.358452,-1.1278620000000001,0.8734069999999999,-1.476533,c>b>e>a>d,3.0,1.0,0.0,4.0,2.0
0.9711559999999999,-1.303518,-1.173643,0.8511129999999999,-1.511499,c>b>a>e>d,2.0,1.0,0.0,4.0,3.0
0.9363040000000001,-1.3254920000000001,-1.0820809999999998,1.0071709999999998,-1.502758,c>b>a>e>d,2.0,1.0,0.0,4.0,3.0
0.9363040000000001,-1.270558,-1.036299,1.230111,-1.528983,c>b>a>e>d,2.0,1.0,0.0,4.0,3.0
0.854982,-1.2815450000000002,-1.173643,1.207817,-1.572691,b>c>a>e>d,2.0,0.0,1.0,4.0,3.0
0.8666,-1.303518,-1.219425,1.34158,-1.6513650000000002,b>c>a>e>d,2.0,0.0,1.0,4.0,3.0
0.854982,-1.2925309999999999,-1.219425,1.430756,-1.721298,b>c>a>e>d,2.0,0.0,1.0,4.0,3.0
0.913069,-1.270558,-1.1278620000000001,1.586814,-1.660107,b>c>a>e>d,2.0,0.0,1.0,4.0,3.0
0.901452,-1.094769,-1.036299,2.032693,-1.6775900000000001,b>c>a>e>d,2.0,0.0,1.0,4.0,3.0
0.9479209999999999,-1.039835,-1.036299,2.300221,-1.563949,b>c>a>e>d,2.0,0.0,1.0,4.0,3.0
0.901452,-0.984901,-0.990518,2.233339,-1.555208,b>c>a>e>d,2.0,0.0,1.0,4.0,3.0
0.8433649999999999,-0.9189809999999999,-0.990518,1.943518,-1.633882,b>c>a>e>d,2.0,0.0,1.0,4.0,3.0
0.8317479999999999,-0.842073,-0.898955,1.9881060000000002,-1.616399,b>c>a>e>d,2.0,0.0,1.0,4.0,3.0
0.8666,-0.842073,-0.898955,1.698284,-1.424083,b>c>a>e>d,2.0,0.0,1.0,4.0,3.0
0.901452,-0.842073,-0.898955,2.121869,-1.389117,b>c>a>e>d,2.0,0.0,1.0,4.0,3.0
1.0408600000000001,-0.929968,-0.898955,2.032693,-1.362892,b>c>a>e>d,2.0,0.0,1.0,4.0,3.0
1.017625,-1.050822,-1.0820809999999998,1.720578,-1.380375,b>c>a>e>d,2.0,0.0,1.0,4.0,3.0
1.017625,-1.006875,-1.173643,1.854342,-1.415342,b>c>a>e>d,2.0,0.0,1.0,4.0,3.0
0.913069,-1.12773,-1.265206,1.5645200000000001,-1.4066,b>c>a>e>d,2.0,0.0,1.0,4.0,3.0
0.878217,-0.9958879999999999,-1.265206,1.45305,-1.35415,b>c>a>e>d,2.0,0.0,1.0,4.0,3.0
0.8433649999999999,-0.9189809999999999,-1.219425,1.720578,-1.266734,b>c>a>e>d,2.0,0.0,1.0,4.0,3.0
0.8317479999999999,-0.9189809999999999,-1.0820809999999998,1.809754,-1.240509,b>c>a>e>d,2.0,0.0,1.0,4.0,3.0
0.808513,-0.9409540000000001,-1.036299,1.7428720000000002,-1.266734,b>c>a>e>d,2.0,0.0,1.0,4.0,3.0
0.796896,-0.929968,-1.036299,1.832048,-1.223026,b>c>a>e>d,2.0,0.0,1.0,4.0,3.0
0.8433649999999999,-0.787139,-0.898955,1.832048,-1.170576,b>c>a>e>d,2.0,0.0,1.0,4.0,3.0
0.8666,-0.765166,-0.944736,2.032693,-0.9520360000000001,c>b>a>e>d,2.0,1.0,0.0,4.0,3.0
0.8201299999999999,-0.765166,-1.0820809999999998,2.166457,-0.8296530000000001,b>c>a>e>d,2.0,0.0,1.0,4.0,3.0
0.808513,-0.787139,-0.990518,1.720578,-0.750979,c>b>a>e>d,2.0,1.0,0.0,4.0,3.0
0.889834,-0.6223380000000001,-1.0820809999999998,1.765166,-0.733495,c>b>a>e>d,2.0,1.0,0.0,4.0,3.0
0.913069,-0.567404,-1.0820809999999998,2.054987,-0.987002,c>b>a>e>d,2.0,1.0,0.0,4.0,3.0
0.901452,-0.611351,-1.3109879999999998,1.720578,-0.9520360000000001,c>b>a>e>d,2.0,1.0,0.0,4.0,3.0
0.7620439999999999,-0.6552979999999999,-1.1278620000000001,1.7428720000000002,-0.8471360000000001,c>b>a>e>d,2.0,1.0,0.0,4.0,3.0
0.738809,-0.589377,-1.036299,1.631402,-0.917069,c>b>a>e>d,2.0,1.0,0.0,4.0,3.0
0.727191,-0.556417,-0.944736,1.542226,-0.8471360000000001,c>b>a>e>d,2.0,1.0,0.0,4.0,3.0
0.7039569999999999,-0.435562,-0.44114,1.631402,-0.8821030000000001,b>c>a>e>d,2.0,0.0,1.0,4.0,3.0
0.738809,-0.490496,-0.44114,1.698284,-0.9520360000000001,b>c>a>e>d,2.0,0.0,1.0,4.0,3.0
0.808513,-0.435562,-0.34957699999999997,1.586814,-0.8821030000000001,b>c>a>e>d,2.0,0.0,1.0,4.0,3.0
0.8433649999999999,-0.391615,-0.670048,1.7874599999999998,-0.8471360000000001,b>c>a>e>d,2.0,0.0,1.0,4.0,3.0
0.8433649999999999,-0.347668,-0.807392,1.965812,-0.8471360000000001,b>c>a>e>d,2.0,0.0,1.0,4.0,3.0
0.854982,-0.347668,-0.486922,1.9881060000000002,-0.8209120000000001,b>c>a>e>d,2.0,0.0,1.0,4.0,3.0
0.9479209999999999,-0.380628,-0.76161,2.121869,-0.777203,b>c>e>a>d,3.0,0.0,1.0,4.0,2.0
0.8433649999999999,-0.479509,-0.944736,1.876636,-0.663562,b>c>e>a>d,3.0,0.0,1.0,4.0,2.0
0.8433649999999999,-0.435562,-0.898955,1.89893,-0.750979,b>c>e>a>d,3.0,0.0,1.0,4.0,2.0
0.8201299999999999,-0.424576,-1.0820809999999998,1.89893,-0.8034279999999999,b>c>a>e>d,2.0,0.0,1.0,4.0,3.0
0.7620439999999999,-0.446549,-1.0820809999999998,1.965812,-0.81217,b>c>a>e>d,2.0,0.0,1.0,4.0,3.0
0.808513,-0.446549,-1.0820809999999998,2.166457,-0.794687,b>c>a>e>d,2.0,0.0,1.0,4.0,3.0
0.750426,-0.435562,-1.1278620000000001,2.211045,-0.707271,b>c>a>e>d,2.0,0.0,1.0,4.0,3.0
0.750426,-0.41358900000000004,-0.944736,2.478573,-0.689787,b>c>a>e>d,2.0,0.0,1.0,4.0,3.0
0.7736609999999999,-0.380628,-1.036299,2.1441630000000003,-0.707271,b>c>a>e>d,2.0,0.0,1.0,4.0,3.0
0.8201299999999999,-0.380628,-0.990518,2.054987,-0.785945,b>c>a>e>d,2.0,0.0,1.0,4.0,3.0
0.750426,-0.446549,-0.853173,2.077281,-0.75972,b>c>a>e>d,2.0,0.0,1.0,4.0,3.0
0.7852779999999999,-0.435562,-0.807392,2.188751,-0.768462,b>c>a>e>d,2.0,0.0,1.0,4.0,3.0
0.8201299999999999,-0.41358900000000004,-0.715829,2.478573,-0.663562,b>c>a>e>d,2.0,0.0,1.0,4.0,3.0
0.8317479999999999,-0.45753599999999994,-0.715829,2.567749,-0.672304,b>c>a>e>d,2.0,0.0,1.0,4.0,3.0
0.9711559999999999,-0.51247,-0.486922,2.634631,-0.663562,b>c>a>e>d,2.0,0.0,1.0,4.0,3.0
1.017625,-0.490496,-0.34957699999999997,2.523161,-0.558663,b>c>a>e>d,2.0,0.0,1.0,4.0,3.0
0.9711559999999999,-0.369642,-0.395359,2.456279,-0.45376400000000006,b>c>a>e>d,2.0,0.0,1.0,4.0,3.0
0.9595389999999999,-0.358655,-0.395359,2.322515,-0.313898,b>c>a>e>d,2.0,0.0,1.0,4.0,3.0
0.9479209999999999,-0.358655,-0.578485,2.211045,-0.401314,b>c>a>e>d,2.0,0.0,1.0,4.0,3.0
0.913069,-0.435562,-0.44114,2.233339,-0.514955,b>c>a>e>d,2.0,0.0,1.0,4.0,3.0
0.9363040000000001,-0.41358900000000004,-0.486922,1.965812,-0.584888,b>c>a>e>d,2.0,0.0,1.0,4.0,3.0
0.913069,-0.446549,-0.34957699999999997,1.943518,-0.549921,b>c>a>e>d,2.0,0.0,1.0,4.0,3.0
0.9479209999999999,-0.446549,-0.303796,1.965812,-0.48873,b>c>a>e>d,2.0,0.0,1.0,4.0,3.0
0.924686,-0.479509,-0.5327029999999999,1.9881060000000002,-0.497472,b>c>a>e>d,2.0,0.0,1.0,4.0,3.0
0.9711559999999999,-0.501483,-0.395359,1.89893,-0.44502200000000003,b>c>a>e>d,2.0,0.0,1.0,4.0,3.0
1.064095,-0.45753599999999994,-0.34957699999999997,2.032693,-0.462505,b>c>a>e>d,2.0,0.0,1.0,4.0,3.0
1.0292430000000001,-0.435562,-0.34957699999999997,2.077281,-0.43628,b>c>a>e>d,2.0,0.0,1.0,4.0,3.0
1.075712,-0.347668,-0.34957699999999997,1.9881060000000002,-0.497472,b>c>a>e>d,2.0,0.0,1.0,4.0,3.0
0.982773,-0.347668,-0.395359,1.9881060000000002,-0.549921,b>c>a>e>d,2.0,0.0,1.0,4.0,3.0
1.006008,-0.2378,-0.395359,1.9881060000000002,-0.663562,b>c>a>e>d,2.0,0.0,1.0,4.0,3.0
0.8317479999999999,-0.20484000000000002,-0.44114,2.054987,-0.689787,b>c>a>e>d,2.0,0.0,1.0,4.0,3.0
0.7155739999999999,-0.20484000000000002,-0.44114,1.832048,-0.75972,b>c>a>e>d,2.0,0.0,1.0,4.0,3.0
0.727191,-0.325694,-0.44114,1.765166,-0.742237,b>c>a>e>d,2.0,0.0,1.0,4.0,3.0
0.692339,-0.27076100000000003,-0.212233,1.832048,-0.576146,b>c>a>e>d,2.0,0.0,1.0,4.0,3.0
0.7039569999999999,-0.28174699999999997,-0.34957699999999997,1.876636,-0.619854,c>b>a>e>d,2.0,1.0,0.0,4.0,3.0
0.727191,-0.182866,-0.303796,1.876636,-0.733495,c>b>a>e>d,2.0,1.0,0.0,4.0,3.0
0.750426,-0.105959,-0.258015,1.965812,-0.576146,c>b>a>e>d,2.0,1.0,0.0,4.0,3.0
0.727191,-0.127932,-0.303796,2.010399,-0.5236970000000001,c>b>a>e>d,2.0,1.0,0.0,4.0,3.0
0.657487,-0.160893,-0.44114,1.9881060000000002,-0.497472,c>b>a>e>d,2.0,1.0,0.0,4.0,3.0
0.622635,-0.14990599999999998,-0.395359,1.9881060000000002,-0.479988,c>b>a>e>d,2.0,1.0,0.0,4.0,3.0
0.5877829999999999,-0.094972,-0.12067,1.9881060000000002,-0.44502200000000003,c>b>a>e>d,2.0,1.0,0.0,4.0,3.0
0.5994010000000001,-0.193853,-0.166452,1.9212240000000003,-0.44502200000000003,b>c>a>d>e,2.0,0.0,1.0,3.0,4.0
0.6691050000000001,-0.17188,-0.34957699999999997,1.965812,-0.366347,b>c>a>e>d,2.0,0.0,1.0,4.0,3.0
0.7039569999999999,-0.14990599999999998,-0.303796,2.010399,-0.27019,b>c>a>e>d,2.0,0.0,1.0,4.0,3.0
0.7155739999999999,-0.018065,-0.258015,2.077281,-0.16529000000000002,b>c>a>d>e,2.0,0.0,1.0,3.0,4.0
0.7155739999999999,0.014896000000000001,-0.303796,2.054987,-0.09535700000000001,b>c>a>d>e,2.0,0.0,1.0,3.0,4.0
0.7155739999999999,-0.018065,-0.258015,2.121869,-0.156549,b>c>a>e>d,2.0,0.0,1.0,4.0,3.0
0.680722,0.003909,-0.12067,2.121869,-0.130324,b>c>a>d>e,2.0,0.0,1.0,3.0,4.0
0.6458699999999999,0.003909,-0.074889,2.389397,-0.130324,b>c>a>e>d,2.0,0.0,1.0,4.0,3.0
0.5413140000000001,0.036869,0.016674,2.590043,-0.252706,b>c>a>e>d,2.0,0.0,1.0,4.0,3.0
0.49484399999999995,0.047856,0.1998,2.500867,-0.366347,b>c>a>e>d,2.0,0.0,1.0,4.0,3.0
0.5413140000000001,0.014896000000000001,0.10823699999999999,2.433985,-0.549921,b>c>a>e>d,2.0,0.0,1.0,4.0,3.0
0.5529310000000001,0.047856,0.15401800000000002,2.166457,-0.698529,b>c>a>e>d,2.0,0.0,1.0,4.0,3.0
0.5645479999999999,0.047856,0.15401800000000002,2.344809,-0.654821,b>c>a>d>e,2.0,0.0,1.0,3.0,4.0
0.5296960000000001,-0.051025,0.15401800000000002,2.1441630000000003,-0.479988,b>a>c>d>e,1.0,0.0,2.0,3.0,4.0
0.5994010000000001,-0.083985,0.245581,2.077281,-0.41005600000000003,b>a>c>d>e,1.0,0.0,2.0,3.0,4.0
0.796896,0.05884299999999999,0.38292600000000004,2.121869,-0.27019,b>c>a>d>e,2.0,0.0,1.0,3.0,4.0
0.7852779999999999,0.091803,0.38292600000000004,2.188751,-0.261448,b>c>a>d>e,2.0,0.0,1.0,3.0,4.0
0.680722,0.003909,0.29136300000000004,2.032693,-0.313898,b>c>a>d>e,2.0,0.0,1.0,3.0,4.0
0.7039569999999999,0.003909,0.29136300000000004,2.032693,-0.462505,b>c>a>d>e,2.0,0.0,1.0,3.0,4.0
0.7039569999999999,-0.029051,0.29136300000000004,1.832048,-0.479988,b>c>a>d>e,2.0,0.0,1.0,3.0,4.0
0.7736609999999999,-0.040038,0.245581,2.188751,-0.506213,b>c>a>d>e,2.0,0.0,1.0,3.0,4.0
0.796896,-0.018065,0.29136300000000004,2.010399,-0.497472,b>c>a>d>e,2.0,0.0,1.0,3.0,4.0
0.8201299999999999,0.003909,0.337144,2.010399,-0.532438,b>c>a>d>e,2.0,0.0,1.0,3.0,4.0
0.7852779999999999,0.014896000000000001,0.38292600000000004,2.032693,-0.567405,b>c>a>d>e,2.0,0.0,1.0,3.0,4.0
0.750426,0.014896000000000001,0.38292600000000004,2.077281,-0.5236970000000001,b>c>a>d>e,2.0,0.0,1.0,3.0,4.0
0.7736609999999999,0.025883,0.47448900000000005,2.054987,-0.619854,b>c>a>d>e,2.0,0.0,1.0,3.0,4.0
0.8201299999999999,0.025883,0.337144,2.1441630000000003,-0.724754,b>c>a>e>d,2.0,0.0,1.0,4.0,3.0
0.889834,0.05884299999999999,0.337144,2.166457,-0.716012,b>c>a>e>d,2.0,0.0,1.0,4.0,3.0
0.7736609999999999,0.025883,0.10823699999999999,2.233339,-0.8471360000000001,b>c>a>e>d,2.0,0.0,1.0,4.0,3.0
0.692339,0.025883,-0.212233,2.099575,-0.672304,b>a>c>d>e,1.0,0.0,2.0,3.0,4.0
0.738809,0.24561799999999998,0.10823699999999999,2.3671029999999997,-0.375089,b>a>c>d>e,1.0,0.0,2.0,3.0,4.0
0.9595389999999999,0.014896000000000001,0.245581,2.166457,-0.479988,b>a>c>e>d,1.0,0.0,2.0,4.0,3.0
0.994391,-0.13891900000000001,0.15401800000000002,2.211045,-0.681046,b>c>a>e>d,2.0,0.0,1.0,4.0,3.0
0.994391,-0.13891900000000001,0.10823699999999999,2.255633,-0.532438,b>c>a>e>d,2.0,0.0,1.0,4.0,3.0
1.006008,-0.193853,0.10823699999999999,1.854342,-0.681046,b>c>a>e>d,2.0,0.0,1.0,4.0,3.0
1.0292430000000001,-0.336681,0.062456,1.631402,-0.689787,b>c>a>e>d,2.0,0.0,1.0,4.0,3.0
1.133799,-0.215827,0.062456,1.475344,-0.44502200000000003,b>c>a>e>d,2.0,0.0,1.0,4.0,3.0
1.122182,-0.259774,-0.12067,1.408462,-0.392572,b>c>a>e>d,2.0,0.0,1.0,4.0,3.0
1.098947,-0.127932,-0.12067,1.319287,-0.366347,b>c>a>e>d,2.0,0.0,1.0,4.0,3.0
1.087329,-0.127932,-0.074889,1.34158,-0.340123,b>c>a>e>d,2.0,0.0,1.0,4.0,3.0
1.168651,-0.13891900000000001,-0.029107,1.252405,-0.331381,b>c>a>e>d,2.0,0.0,1.0,4.0,3.0
1.319677,-0.160893,0.15401800000000002,1.386168,-0.21774000000000002,b>c>a>e>d,2.0,0.0,1.0,4.0,3.0
1.342911,-0.14990599999999998,0.10823699999999999,1.542226,-0.077874,b>c>a>e>d,2.0,0.0,1.0,4.0,3.0
1.284824,-0.14990599999999998,0.15401800000000002,1.475344,-0.208998,b>c>a>e>d,2.0,0.0,1.0,4.0,3.0
1.2267379999999999,-0.182866,0.062456,1.296993,-0.331381,b>c>a>e>d,2.0,0.0,1.0,4.0,3.0
1.122182,-0.24878699999999998,0.15401800000000002,1.140935,-0.471247,b>c>a>e>d,2.0,0.0,1.0,4.0,3.0
1.1105639999999999,-0.24878699999999998,0.10823699999999999,1.1855229999999999,-0.42753900000000006,b>c>a>e>d,2.0,0.0,1.0,4.0,3.0
0.994391,-0.28174699999999997,0.10823699999999999,1.096347,-0.375089,b>c>e>a>d,3.0,0.0,1.0,4.0,2.0
1.0292430000000001,-0.380628,0.245581,1.230111,-0.401314,b>c>e>d>a,4.0,0.0,1.0,3.0,2.0
1.064095,-0.303721,0.29136300000000004,1.163229,-0.348864,b>c>e>a>d,3.0,0.0,1.0,4.0,2.0
1.0292430000000001,-0.24878699999999998,0.38292600000000004,1.363874,-0.22648200000000002,b>c>e>d>a,4.0,0.0,1.0,3.0,2.0
1.122182,-0.28174699999999997,0.38292600000000004,1.386168,-0.156549,b>c>e>a>d,3.0,0.0,1.0,4.0,2.0
1.098947,-0.27076100000000003,0.42870699999999995,1.319287,-0.22648200000000002,c>b>a>e>d,2.0,1.0,0.0,4.0,3.0
1.098947,-0.193853,0.52027,1.319287,-0.261448,b>c>a>e>d,2.0,0.0,1.0,4.0,3.0
1.145416,0.14673699999999998,0.38292600000000004,1.274699,-0.121582,b>c>a>e>d,2.0,0.0,1.0,4.0,3.0
1.203503,0.48732700000000007,0.38292600000000004,1.274699,-0.09535700000000001,b>c>a>e>d,2.0,0.0,1.0,4.0,3.0
1.180268,0.421407,0.47448900000000005,1.408462,0.079475,b>c>a>e>d,2.0,0.0,1.0,4.0,3.0
1.1570340000000001,0.20167100000000002,0.245581,1.230111,0.070733,b>c>a>e>d,2.0,0.0,1.0,4.0,3.0
1.191886,0.21265799999999999,0.337144,0.984877,0.263049,c>b>a>e>d,2.0,1.0,0.0,4.0,3.0
1.180268,0.234631,0.337144,0.984877,0.263049,c>b>a>e>d,2.0,1.0,0.0,4.0,3.0
1.133799,0.267592,0.42870699999999995,0.962583,0.131925,c>b>a>e>d,2.0,1.0,0.0,4.0,3.0
1.0292430000000001,0.267592,0.29136300000000004,0.739643,0.000801,c>b>a>e>d,2.0,1.0,0.0,4.0,3.0
