A1,A2,A3,A4,A5,A6,A7,A8,A9,A10,A11,A12,A13,ranking,a,b,c
0.68421,-0.6166010000000001,0.14438499999999999,-0.48453599999999997,0.23913,0.25517199999999995,0.147679,-0.433962,0.18612,-0.255973,-0.089431,0.941392,0.122682,a>b>c,0.0,1.0,2.0
0.142105,-0.588933,-0.165775,-0.9381440000000001,-0.347826,0.151724,0.021097099999999997,-0.509434,-0.451104,-0.47098999999999996,-0.07317080000000001,0.5604399999999999,0.101284,a>b>c,0.0,1.0,2.0
0.121053,-0.359684,0.40107,-0.175258,-0.326087,0.25517199999999995,0.223629,-0.358491,0.514196,-0.24914699999999998,-0.10569100000000001,0.391941,0.29386599999999996,a>b>c,0.0,1.0,2.0
0.757895,-0.5217390000000001,0.21925100000000003,-0.360825,-0.0652174,0.97931,0.32911399999999996,-0.584906,0.116719,0.11262799999999999,-0.382114,0.59707,0.714693,a>b>c,0.0,1.0,2.0
0.163158,-0.268775,0.614973,0.07216489999999999,0.043478300000000004,0.25517199999999995,-0.00843878,-0.018868,-0.11041,-0.481229,-0.089431,0.216117,-0.348074,a>b>c,0.0,1.0,2.0
0.668421,-0.596838,0.165775,-0.5257729999999999,-0.0869565,0.57931,0.28692,-0.20754699999999998,-0.015772799999999997,-0.0665529,-0.07317080000000001,0.15750899999999998,0.6718970000000001,a>b>c,0.0,1.0,2.0
0.768421,-0.5533600000000001,0.165775,-0.587629,-0.434783,0.0482758,-0.0801688,-0.358491,-0.00946369,-0.32252600000000003,-0.121951,0.692308,0.44365200000000005,a>b>c,0.0,1.0,2.0
0.594737,-0.442688,0.336898,-0.278351,0.108696,0.11724100000000001,-0.0843882,-0.320755,-0.47003199999999995,-0.356655,-0.056910699999999995,0.692308,0.45078500000000005,a>b>c,0.0,1.0,2.0
1.0,-0.644269,-0.13369,-0.6494850000000001,-0.41304300000000005,0.25517199999999995,0.113924,-0.396226,-0.00946369,-0.331058,-0.0243902,0.15750899999999998,0.09415119999999999,a>b>c,0.0,1.0,2.0
0.48947399999999996,-0.758893,-0.026737999999999998,-0.443299,-0.391304,0.37931,0.18565399999999999,-0.660377,-0.0914826,0.0136518,-0.138211,0.67033,0.09415119999999999,a>b>c,0.0,1.0,2.0
0.61579,-0.43873500000000004,0.00534752,-0.23711300000000002,-0.23913,0.358621,0.257384,-0.660377,0.242902,-0.23720100000000002,0.25203200000000003,0.391941,0.7574890000000001,a>b>c,0.0,1.0,2.0
0.626316,-0.7075100000000001,0.026737900000000002,-0.360825,-0.45652200000000004,-0.158621,-0.11814300000000001,-0.509434,-0.26813899999999996,-0.365188,0.121951,0.13553099999999998,0.42938699999999996,a>b>c,0.0,1.0,2.0
0.431579,-0.608696,0.12299500000000001,-0.443299,-0.586957,0.11724100000000001,0.021097099999999997,-0.396226,-0.116719,-0.262799,0.0894308,0.194139,0.48644799999999994,a>b>c,0.0,1.0,2.0
0.957895,-0.608696,0.101604,-0.9175260000000001,-0.543478,0.46206899999999995,0.41350200000000004,0.132075,0.514196,-0.296928,0.25203200000000003,0.0695971,0.243937,a>b>c,0.0,1.0,2.0
0.763158,-0.5533600000000001,0.0909092,-0.85567,-0.304348,0.6,0.392405,-0.396226,0.608833,0.061433400000000006,0.170732,0.267399,0.810271,a>b>c,0.0,1.0,2.0
0.368421,-0.577075,0.433155,-0.319588,-0.0869565,0.289655,0.0843882,-0.358491,-0.337539,0.0273038,0.300813,0.17948699999999998,0.472183,a>b>c,0.0,1.0,2.0
0.7210529999999999,-0.533597,0.454545,-0.0309279,0.0869565,0.25517199999999995,0.18143499999999999,-0.245283,-0.015772799999999997,-0.16041,-0.04065030000000001,0.0109891,0.42938699999999996,a>b>c,0.0,1.0,2.0
0.473684,-0.671937,0.347593,-0.0309279,-0.0217391,0.358621,0.291139,0.0188679,-0.173502,-0.0921502,0.0569105,-0.0476191,0.21540700000000002,a>b>c,0.0,1.0,2.0
0.663158,-0.664032,0.19786099999999998,-0.391753,-0.173913,0.6,0.514768,-0.283019,-0.0851735,0.266212,0.21951199999999998,0.13553099999999998,1.0,a>b>c,0.0,1.0,2.0
0.373684,-0.0671938,0.283422,-0.5257729999999999,0.0,0.18620699999999998,0.135021,-0.849057,-0.211356,-0.348123,-0.21951199999999998,0.531135,-0.191155,a>b>c,0.0,1.0,2.0
0.594737,-0.648221,-0.0160428,-0.443299,0.21739099999999997,0.39310300000000004,0.19409300000000002,-0.584906,0.066246,-0.254266,-0.00813005,0.787546,-0.28388,a>b>c,0.0,1.0,2.0
2.50967e-07,0.209486,0.379679,-0.175258,-0.304348,-0.0137931,-0.126582,-0.5471699999999999,-0.00946369,-0.45051199999999997,-0.10569100000000001,0.648352,-0.298146,a>b>c,0.0,1.0,2.0
0.410526,-0.557312,0.0695186,-0.381443,-0.326087,0.12413800000000001,0.07173,-0.47169799999999995,-0.192429,-0.569966,0.0243902,1.0,0.0798859,a>b>c,0.0,1.0,2.0
-0.042105000000000004,-0.660079,0.240642,-0.257732,-0.45652200000000004,0.0344827,-0.14346,-0.509434,-0.337539,-0.547782,-0.00813005,0.728938,0.051355200000000004,a>b>c,0.0,1.0,2.0
0.3,-0.577075,0.336898,-0.0309279,-0.434783,0.0689654,-0.0421941,-0.433962,-0.211356,-0.617747,0.0406504,0.868132,-0.191155,a>b>c,0.0,1.0,2.0
0.0631581,-0.482213,0.9893049999999999,0.48453599999999997,0.173913,0.137931,-0.012658200000000001,0.283019,-0.047318599999999995,-0.607509,0.0569105,0.413919,-0.21255300000000002,b>a>c,1.0,0.0,2.0
0.242106,-0.592885,0.347593,-0.43299,-0.5,0.289655,0.09704650000000001,-0.20754699999999998,-0.34384899999999996,-0.39931700000000003,-0.284553,0.428571,0.308131,a>b>c,0.0,1.0,2.0
0.194737,-0.612648,-0.165775,-0.340206,-0.478261,-0.0206896,-0.21940900000000002,-0.47169799999999995,-0.40694,-0.544369,-0.121951,0.0989011,0.43651899999999993,a>b>c,0.0,1.0,2.0
0.494737,-0.541502,0.540107,-0.09278360000000001,-0.195652,0.358621,0.109705,-0.09433960000000001,-0.148265,-0.45051199999999997,0.25203200000000003,0.5604399999999999,-0.09129810000000001,a>b>c,0.0,1.0,2.0
0.573685,-0.628459,-0.0909091,-0.443299,-0.434783,0.151724,-0.160338,-0.509434,-0.00946369,-0.416382,-0.089431,0.699634,0.0798859,a>b>c,0.0,1.0,2.0
0.42105200000000004,-0.699605,0.433155,0.226804,-0.326087,0.39310300000000004,0.227848,-0.396226,0.242902,-0.245734,0.154472,0.054945100000000004,0.43651899999999993,a>b>c,0.0,1.0,2.0
0.342105,-0.636364,0.0695186,-0.12371099999999999,-0.21739099999999997,0.296552,0.202532,-0.660377,-0.0283911,-0.0409556,-0.00813005,0.17948699999999998,0.764622,a>b>c,0.0,1.0,2.0
0.394737,-0.56917,0.0695186,-0.319588,-0.26087,-0.00689654,-0.00843878,0.09433949999999999,-0.015772799999999997,-0.56314,0.21951199999999998,0.17216099999999998,0.015691899999999998,a>b>c,0.0,1.0,2.0
0.436842,-0.687747,0.433155,-0.0824742,0.347826,0.358621,0.012658200000000001,0.396226,-0.40694,-0.296928,0.25203200000000003,0.267399,0.365193,a>b>c,0.0,1.0,2.0
0.305263,-0.581028,0.379679,-0.134021,-0.130435,-0.0551725,-0.07594939999999999,-0.396226,-0.287066,-0.501707,0.0081301,0.17216099999999998,0.165478,a>b>c,0.0,1.0,2.0
0.28947399999999995,-0.577075,0.12299500000000001,0.0206185,-0.347826,0.18620699999999998,0.113924,-0.509434,-0.0851735,-0.348123,-0.089431,0.611722,-0.0841655,a>b>c,0.0,1.0,2.0
0.18420999999999998,-0.644269,0.582888,-0.494845,-0.130435,0.11724100000000001,-0.012658200000000001,-0.20754699999999998,-0.400631,-0.433447,-0.00813005,0.106227,-0.141227,a>b>c,0.0,1.0,2.0
0.0631581,-0.640316,0.272727,-0.23711300000000002,-0.391304,0.0137931,-0.11814300000000001,-0.396226,-0.35015799999999997,-0.493174,0.0406504,-0.0915751,0.179743,a>b>c,0.0,1.0,2.0
0.0736841,-0.699605,-0.208556,-0.494845,-0.391304,-0.0206896,-0.0295358,-0.433962,-0.394322,-0.5870310000000001,0.138211,0.0402931,0.0584879,a>b>c,0.0,1.0,2.0
0.678948,0.284585,0.229946,-0.731959,0.26087,0.39310300000000004,0.139241,-0.735849,0.05362769999999999,-0.348123,-0.333333,0.655678,-0.312411,a>b>c,0.0,1.0,2.0
0.331579,-0.6166010000000001,0.016042700000000003,-0.42268,0.0217391,0.49655200000000005,0.24472600000000003,-0.20754699999999998,0.217666,-0.172355,-0.23577199999999998,0.545788,-0.262482,a>b>c,0.0,1.0,2.0
0.252632,0.225296,-0.187166,-0.154639,-0.565217,0.0137931,-0.012658200000000001,-0.47169799999999995,-0.324921,-0.488055,-0.300813,0.267399,0.0798859,a>b>c,0.0,1.0,2.0
0.5,-0.545455,0.315508,-0.546392,-0.326087,0.565517,0.35865,-0.849057,-0.18612,-0.29180900000000004,-0.349594,0.677656,0.165478,a>b>c,0.0,1.0,2.0
0.163158,0.280632,-0.00534765,-0.28865999999999997,-0.282609,0.14482799999999998,-0.0337552,-0.283019,-0.211356,-0.47440299999999996,-0.447154,0.267399,-0.426534,b>a>c,1.0,0.0,2.0
0.0631581,-0.592885,-0.208556,-0.340206,-0.195652,0.39310300000000004,0.12236300000000001,-0.433962,0.022082,-0.358362,-0.349594,0.523809,-0.13409400000000002,a>b>c,0.0,1.0,2.0
0.6736840000000001,0.304348,0.15508,-0.14432999999999999,-0.108696,0.289655,-0.025316400000000003,-0.358491,-0.47003199999999995,-0.324232,-0.365854,0.509157,0.14407999999999999,a>b>c,0.0,1.0,2.0
0.763158,0.12648199999999998,-0.0160428,-0.443299,-0.304348,0.565517,0.19409300000000002,-0.47169799999999995,0.123028,-0.382253,-0.089431,0.5897439999999999,0.122682,a>b>c,0.0,1.0,2.0
0.510526,-0.628459,-0.187166,-0.443299,-0.326087,0.46206899999999995,0.28692,-0.698113,0.0914827,-0.177474,-0.300813,0.509157,0.008559200000000001,a>b>c,0.0,1.0,2.0
0.61579,-0.494071,0.1123,-0.154639,-0.282609,0.22069,0.08860760000000001,-0.283019,0.242902,-0.16041,-0.04065030000000001,0.08424910000000001,0.115549,a>b>c,0.0,1.0,2.0
0.531579,-0.608696,-0.026737999999999998,-0.298969,-0.173913,0.310345,0.350211,-0.283019,0.05362769999999999,0.30034099999999997,0.0406504,0.340659,0.400856,a>b>c,0.0,1.0,2.0
0.0631581,-0.608696,-0.272727,-0.814433,-0.5217390000000001,0.2,0.236287,-0.849057,0.577287,0.0102389,0.0406504,0.201465,0.243937,a>b>c,0.0,1.0,2.0
0.473684,-0.640316,0.326203,-0.319588,-0.478261,0.0137931,0.11814300000000001,-0.660377,0.18612,-0.262799,0.23577199999999998,0.538461,0.407989,a>b>c,0.0,1.0,2.0
0.468421,-0.600791,0.13369,-0.6494850000000001,-0.108696,1.0,0.43459899999999996,-0.283019,-0.0788643,-0.0153583,-0.138211,0.457875,0.30099899999999996,a>b>c,0.0,1.0,2.0
0.44210600000000005,-0.541502,0.41176499999999994,-0.329897,-0.0217391,0.39310300000000004,0.0337553,-0.018868,-0.198738,-0.143345,0.0569105,0.216117,0.5649069999999999,a>b>c,0.0,1.0,2.0
0.426316,-0.632411,-0.0481284,-0.402062,0.043478300000000004,0.11724100000000001,0.0801688,-0.698113,-0.23659299999999997,-0.220137,-0.284553,0.413919,0.115549,a>b>c,0.0,1.0,2.0
0.331579,-0.608696,0.17647100000000002,0.0206185,0.0,0.365517,0.029535900000000004,-0.735849,0.287066,-0.151877,-0.18699200000000002,0.289377,0.20114100000000001,a>b>c,0.0,1.0,2.0
0.678948,-0.620553,0.00534752,-0.412371,0.043478300000000004,0.531034,0.12236300000000001,-0.509434,0.022082,-0.129693,-0.252033,0.49450500000000003,-0.012838800000000001,a>b>c,0.0,1.0,2.0
0.189474,-0.513834,0.41176499999999994,-0.360825,-0.304348,0.39310300000000004,0.21940900000000002,-0.320755,-0.211356,-0.19453900000000002,-0.04065030000000001,0.15018299999999998,0.415121,a>b>c,0.0,1.0,2.0
0.41578999999999994,-0.727273,0.21925100000000003,-0.371134,-0.173913,0.668966,0.405063,-0.7735850000000001,0.028391200000000002,-0.05802040000000001,-0.333333,0.17216099999999998,0.43651899999999993,a>b>c,0.0,1.0,2.0
-0.29473699999999997,-0.920949,-1.0,-1.0,-0.608696,-0.310345,-0.902954,-0.433962,-0.993691,-0.885666,-0.07317080000000001,-0.59707,-0.654779,b>a>c,1.0,0.0,2.0
-0.315789,-0.857708,-0.0160428,-0.443299,-0.326087,-0.262069,-0.6835439999999999,0.886792,-1.0,-0.66041,0.25203200000000003,-0.70696,-0.426534,b>a>c,1.0,0.0,2.0
-0.152631,-0.754941,-0.294118,-0.360825,-0.347826,-0.28275900000000004,-0.548523,0.509434,-0.867508,-0.23720100000000002,-0.18699200000000002,-0.765568,-0.754636,b>c>a,2.0,0.0,1.0
0.389474,-0.798419,-0.40107,-0.23711300000000002,-0.478261,-0.227586,-0.38818600000000003,-0.283019,-0.798107,-0.569966,0.21951199999999998,-0.12820499999999999,-0.49786,b>a>c,1.0,0.0,2.0
-0.29473699999999997,-0.84585,-0.14438499999999999,-0.134021,-0.6304350000000001,0.737931,0.16455699999999998,-0.7735850000000001,-0.0788643,-0.45904399999999995,0.203252,0.17216099999999998,-0.7974319999999999,b>a>c,1.0,0.0,2.0
-0.4,-0.719368,0.251337,-0.134021,-0.26087,-0.37241399999999997,-0.405063,0.20754699999999998,-0.608833,-0.715017,0.577236,-0.296703,-0.890157,b>a>c,1.0,0.0,2.0
-0.29473699999999997,-0.814229,0.283422,-0.226804,-0.391304,-0.00689654,-0.025316400000000003,-0.09433960000000001,0.05362769999999999,-0.433447,0.154472,-0.245421,-0.42938699999999996,b>a>c,1.0,0.0,2.0
0.0947367,-0.893281,-0.636364,-0.546392,-0.8260870000000001,0.37931,0.198312,-0.509434,0.179811,-0.31399299999999997,0.0406504,0.399267,-0.6804560000000001,b>a>c,1.0,0.0,2.0
-0.29473699999999997,-0.83004,-0.40107,-0.07216489999999999,-0.8260870000000001,-0.22069,-0.299578,-0.47169799999999995,-0.602524,-0.419795,0.0406504,0.6190479999999999,-0.669044,b>a>c,1.0,0.0,2.0
0.21579,-0.920949,0.0695186,-0.340206,-0.130435,0.0689654,-0.5949369999999999,0.584906,-0.993691,-0.677474,-0.121951,-0.516484,-0.326676,b>c>a,2.0,0.0,1.0
-0.378947,-0.822134,-0.582888,-0.360825,0.7608699999999999,-0.4,-0.603376,-0.9622639999999999,0.318612,-0.732082,0.300813,0.318681,-0.372325,b>a>c,1.0,0.0,2.0
-0.33684200000000003,-0.656126,-0.0909091,0.010309200000000001,-0.282609,-0.917241,-0.71308,-0.09433960000000001,-0.337539,-0.697952,-0.307317,-0.59707,-0.15549200000000002,b>c>a,2.0,0.0,1.0
0.48947399999999996,-0.695652,0.40107,0.48453599999999997,-0.652174,0.358621,0.06329109999999999,-0.698113,-0.0788643,-0.641638,0.43089399999999994,0.384615,-0.8116979999999999,b>a>c,1.0,0.0,2.0
0.29473699999999997,-0.636364,-0.0588235,0.381443,-0.6304350000000001,-0.37931,-0.367089,-0.47169799999999995,-0.608833,-0.580205,-0.18699200000000002,0.106227,-0.723252,b>a>c,1.0,0.0,2.0
0.0315789,-0.632411,0.326203,1.0,0.5,0.6,0.07594939999999999,-0.698113,-0.022082,-0.6467579999999999,0.349593,0.6337,0.008559200000000001,b>a>c,1.0,0.0,2.0
-0.510526,-0.86166,0.00534752,0.07216489999999999,-0.326087,0.655172,-0.240506,-1.0,-0.217666,-0.6706479999999999,-0.170732,0.362637,-0.132668,b>a>c,1.0,0.0,2.0
-0.668421,-0.549407,-0.40107,-0.443299,-0.41304300000000005,-0.565517,-0.481013,-0.20754699999999998,-0.5331229999999999,-0.569966,0.21951199999999998,-0.362637,-0.7860199999999999,b>a>c,1.0,0.0,2.0
0.052631500000000005,-0.936759,-0.625668,-0.443299,-0.652174,-0.331034,-0.28692,-0.584906,-0.337539,-0.433447,0.154472,-0.113553,-0.837375,b>a>c,1.0,0.0,2.0
-0.573684,-0.150198,-0.0695187,-0.23711300000000002,-0.0869565,-0.489655,-0.586498,0.132075,-0.6593060000000001,-0.766212,-0.21951199999999998,-0.08424910000000001,-0.6833100000000001,b>a>c,1.0,0.0,2.0
-0.315789,-0.901186,-0.36898400000000003,-0.56701,0.434783,-0.365517,-0.362869,-0.169811,0.48265,-0.638225,-0.056910699999999995,-0.23809499999999997,-0.326676,b>a>c,1.0,0.0,2.0
-0.121053,0.237154,0.1123,0.278351,-0.326087,0.275862,-0.0675106,0.132075,-0.0283911,-0.779863,0.154472,0.362637,-0.7360909999999999,b>a>c,1.0,0.0,2.0
-0.48947399999999996,-0.9288540000000001,-0.315508,-0.134021,-0.652174,-0.00689654,-0.18987300000000001,-0.358491,-0.35646700000000003,-0.791809,0.46341499999999997,0.355311,-1.0,b>a>c,1.0,0.0,2.0
-0.110526,-0.577075,-0.101604,-0.154639,-0.652174,-0.158621,-0.07594939999999999,-0.509434,-0.141956,-0.552901,0.10569100000000001,0.369963,-0.378031,b>a>c,1.0,0.0,2.0
-0.44736800000000004,-0.84585,0.229946,0.381443,-0.8260870000000001,-0.296552,-0.476793,0.0188679,-0.375394,-0.8430030000000001,0.349593,0.0622711,-0.49786,b>a>c,1.0,0.0,2.0
0.0631581,0.23320100000000002,0.026737900000000002,0.226804,-0.673913,-0.537931,-0.472574,0.811321,-0.23659299999999997,-0.39931700000000003,-0.414634,-0.457875,-0.661912,c>b>a,2.0,1.0,0.0
-0.573684,-0.9407110000000001,0.304813,-0.23711300000000002,-0.478261,-0.158621,-0.21097,-0.660377,0.223975,-0.697952,-0.495935,0.326007,-0.654779,b>a>c,1.0,0.0,2.0
-0.13684200000000002,-0.9051379999999999,-0.0588235,-0.23711300000000002,-0.36956500000000003,-0.158621,-0.324894,-0.358491,-0.337539,-0.771331,0.21951199999999998,0.384615,-0.754636,b>a>c,1.0,0.0,2.0
-0.405263,-0.656126,0.016042700000000003,0.257732,-0.565217,-0.448276,-0.43038000000000004,0.132075,-0.274448,-0.800341,0.382114,-0.274725,-0.690442,b>a>c,1.0,0.0,2.0
-0.6736840000000001,-0.632411,0.347593,0.587629,-0.608696,-0.351724,-0.464135,0.0188679,-0.413249,-0.774744,0.43089399999999994,0.421245,-0.5948640000000001,b>a>c,1.0,0.0,2.0
-0.6789470000000001,-0.478261,0.17647100000000002,0.134021,-0.695652,-0.331034,-0.43038000000000004,0.320755,-0.40694,-0.740614,-0.154472,0.08424910000000001,-0.426534,b>a>c,1.0,0.0,2.0
-0.44736800000000004,-0.766798,0.00534752,0.340206,-1.0,-0.158621,-0.472574,0.09433949999999999,-0.388013,-0.921502,-0.04065030000000001,0.421245,-0.504993,b>a>c,1.0,0.0,2.0
-0.44736800000000004,-0.56917,0.026737900000000002,-0.185567,-0.7608699999999999,-0.572414,-0.510549,0.47169799999999995,-0.223975,-0.808874,-0.0243902,-0.267399,-0.7118399999999999,b>a>c,1.0,0.0,2.0
-0.48947399999999996,-0.695652,0.13369,0.175258,-0.652174,-0.675862,-0.616034,0.396226,-0.23028400000000002,-0.604096,-0.07317080000000001,0.0109891,-0.754636,b>a>c,1.0,0.0,2.0
-0.126316,-0.687747,-0.0374332,0.041237199999999995,-0.782609,-0.7241380000000001,-0.5274260000000001,0.698113,-0.23659299999999997,-0.697952,-0.21951199999999998,-0.421245,-0.690442,b>c>a,2.0,0.0,1.0
-0.33684200000000003,-0.173913,-0.08021389999999999,-0.23711300000000002,-0.608696,0.0137931,-0.19409300000000002,-0.5471699999999999,-0.00315454,-0.8515360000000001,0.0894308,0.487179,-0.9828819999999999,b>a>c,1.0,0.0,2.0
-0.689474,-0.505929,-0.0160428,-0.23711300000000002,-0.391304,0.406896,-0.18987300000000001,-0.849057,-0.40694,-0.6638229999999999,0.10569100000000001,0.23809499999999997,-0.904422,b>a>c,1.0,0.0,2.0
-0.24210500000000001,-0.6917,-0.101604,-0.134021,1.0,0.0482758,-0.18565399999999999,-0.283019,0.8107260000000001,-0.774744,0.10569100000000001,-0.00366291,-0.0599144,b>a>c,1.0,0.0,2.0
-0.5894729999999999,-0.454546,0.47593599999999997,0.12371099999999999,0.391304,-0.572414,-0.725738,-0.9622639999999999,-0.274448,-0.791809,-0.23577199999999998,-0.274725,-0.504993,b>a>c,1.0,0.0,2.0
-0.33684200000000003,-0.735178,-0.336898,-0.443299,-0.673913,0.0827585,-0.08860760000000001,-0.396226,-0.141956,-0.723549,0.21951199999999998,0.07692310000000001,-0.7860199999999999,b>a>c,1.0,0.0,2.0
-0.29473699999999997,-0.8695649999999999,-0.208556,-0.185567,-0.608696,0.751724,0.43881899999999996,-0.584906,-0.0283911,-0.45051199999999997,-0.089431,0.0989011,-0.455064,b>a>c,1.0,0.0,2.0
-0.33684200000000003,-0.0395257,-0.0909091,-0.23711300000000002,-0.608696,0.289655,0.11814300000000001,0.20754699999999998,0.514196,-0.825939,0.528455,0.14285699999999998,-0.817404,b>a>c,1.0,0.0,2.0
-0.44736800000000004,-0.47035600000000005,-0.636364,-0.28865999999999997,-0.41304300000000005,-0.137931,-0.227848,-0.509434,-0.375394,-0.6552899999999999,0.284553,0.23809499999999997,-0.383738,b>a>c,1.0,0.0,2.0
-0.173684,-0.762846,-0.42246000000000006,-0.185567,-0.608696,-0.675862,-0.56962,-0.396226,-0.40694,-0.800341,-0.089431,0.0989011,-0.5948640000000001,b>a>c,1.0,0.0,2.0
-0.310526,-0.32411100000000004,0.17647100000000002,0.07216489999999999,-0.391304,0.0896551,-0.25316500000000003,-0.20754699999999998,-0.43217700000000003,-0.740614,-0.479675,0.545788,-0.771755,b>a>c,1.0,0.0,2.0
-0.5842109999999999,-0.612648,-0.44385,-0.0824742,-0.652174,0.0482758,-0.451477,-0.09433960000000001,-0.36277600000000004,-0.866894,-0.252033,-0.14285699999999998,-0.804565,b>a>c,1.0,0.0,2.0
-0.221052,-0.608696,-0.336898,0.0206185,-0.673913,-0.158621,-0.333333,-0.283019,-0.324921,-0.716724,-0.089431,0.684982,-0.437946,b>a>c,1.0,0.0,2.0
-0.268421,-0.284585,-0.026737999999999998,0.175258,-0.565217,-0.517241,-0.367089,1.0,-0.36277600000000004,-0.757679,-0.382114,0.487179,-0.947218,b>a>c,1.0,0.0,2.0
-0.35789499999999996,-0.608696,-0.187166,-0.134021,-0.782609,-0.537931,-0.28692,-0.09433960000000001,-0.23028400000000002,-0.638225,-0.154472,0.391941,-0.669044,b>a>c,1.0,0.0,2.0
-0.110526,-0.600791,-0.0160428,0.226804,-0.695652,-0.7241380000000001,-0.400844,0.320755,-0.23028400000000002,-0.6552899999999999,-0.349594,-0.15750899999999998,-0.7004279999999999,b>a>c,1.0,0.0,2.0
-0.373684,-0.782609,-0.379679,-0.134021,-0.5217390000000001,-0.048276,-0.2827,-0.018868,0.05362769999999999,-0.757679,-0.382114,0.282051,-0.951498,b>a>c,1.0,0.0,2.0
-0.6947369999999999,-0.758893,0.433155,-0.0309279,-0.478261,0.21379299999999998,0.08860760000000001,-0.396226,0.312303,-0.766212,-0.21951199999999998,0.457875,-0.426534,b>a>c,1.0,0.0,2.0
-0.773684,0.185771,-0.5080210000000001,-0.0824742,-0.195652,0.517241,-0.0548523,-0.584906,1.0,-0.723549,-0.560976,0.12820499999999999,-0.5948640000000001,b>a>c,1.0,0.0,2.0
-0.21578899999999998,-0.332016,-0.13369,0.07216489999999999,-0.608696,0.0827585,-0.18565399999999999,-0.509434,-0.48895900000000003,-0.8771329999999999,-0.317073,0.106227,-0.932953,b>a>c,1.0,0.0,2.0
-0.615789,-0.233202,0.668449,-0.0309279,-0.282609,-0.468966,-0.28692,0.7735850000000001,-0.5962149999999999,-0.569966,0.21951199999999998,-0.0989011,-0.53067,b>a>c,1.0,0.0,2.0
-0.8,-1.0,0.21925100000000003,0.07216489999999999,-0.608696,0.0344827,-0.29535900000000004,0.09433949999999999,-0.35015799999999997,-0.692833,0.0081301,-0.23809499999999997,-0.777461,b>a>c,1.0,0.0,2.0
-0.44736800000000004,-0.7430829999999999,0.21925100000000003,0.226804,-0.695652,0.0896551,-0.177215,0.132075,-0.602524,-0.723549,-0.268293,0.406593,-0.847361,b>a>c,1.0,0.0,2.0
-1.0,-0.695652,-0.101604,0.12371099999999999,-0.673913,0.0206896,-0.227848,0.47169799999999995,0.00946374,-0.8941979999999999,1.0,0.17216099999999998,-0.8159770000000001,b>a>c,1.0,0.0,2.0
-0.5842109999999999,-0.711462,-0.326203,0.05154630000000001,-0.652174,-0.310345,-0.468354,-0.358491,-0.293375,-0.885666,-0.23577199999999998,0.509157,-0.690442,b>a>c,1.0,0.0,2.0
-0.268421,-0.656126,-0.112299,0.226804,-0.173913,-0.296552,-0.26160300000000003,-0.20754699999999998,-0.242902,-0.866894,-0.056910699999999995,0.23809499999999997,-0.904422,b>a>c,1.0,0.0,2.0
-0.0842102,0.0632411,-0.336898,-0.443299,-0.782609,-0.551724,-0.616034,0.132075,-0.735016,-0.638225,-0.6422760000000001,-0.377289,-0.865906,b>c>a,2.0,0.0,1.0
-0.48947399999999996,0.0632411,-0.315508,-0.134021,-0.6304350000000001,-0.296552,-0.451477,-0.09433960000000001,-0.0788643,-1.0,-0.268293,0.304029,-0.592011,b>a>c,1.0,0.0,2.0
-0.7789470000000001,-0.34387399999999996,0.13369,-0.0309279,-0.434783,0.32413800000000004,0.0337553,-0.283019,-0.104101,-0.6638229999999999,-0.479675,0.553114,-0.504993,b>a>c,1.0,0.0,2.0
-0.721052,-0.482213,1.0,0.845361,0.0652174,0.517241,1.0,0.283019,-0.0788643,-0.19453900000000002,-0.268293,0.772894,-0.7332380000000001,b>a>c,1.0,0.0,2.0
-0.268421,0.45849799999999996,0.46524099999999996,0.639175,-0.304348,-0.158621,-0.24472600000000003,0.132075,-0.179811,-0.8634809999999999,-0.284553,0.355311,-0.875892,b>a>c,1.0,0.0,2.0
0.0631581,1.0,-0.17647000000000002,0.12371099999999999,-0.652174,0.13103399999999998,-0.025316400000000003,-0.358491,0.00946374,-0.774744,-0.593496,0.340659,-0.8544940000000001,b>a>c,1.0,0.0,2.0
-0.557895,0.411067,0.101604,0.07216489999999999,-0.7391300000000001,0.296552,0.135021,-0.698113,0.577287,-0.740614,-0.560976,0.736264,-0.8544940000000001,b>a>c,1.0,0.0,2.0
-0.452632,-0.43873500000000004,-0.13369,0.07216489999999999,-0.673913,0.11724100000000001,-0.025316400000000003,-0.09433960000000001,-0.40694,-0.74744,-0.382114,0.47252700000000003,-0.857347,b>a>c,1.0,0.0,2.0
-0.263158,-0.687747,-0.00534765,0.12371099999999999,-0.652174,0.21379299999999998,0.18565399999999999,-0.018868,-0.141956,-0.546075,-0.658537,0.15018299999999998,-0.894437,b>a>c,1.0,0.0,2.0
-0.6,-0.450593,0.518717,0.845361,-0.5217390000000001,-0.20689699999999997,-0.198312,0.698113,-0.148265,-0.706485,-0.203252,-0.14285699999999998,-0.731812,b>a>c,1.0,0.0,2.0
-0.29473699999999997,-0.648221,0.00534752,0.43299,-0.608696,-0.14482799999999998,-0.109705,0.0188679,-0.0599369,-0.8566549999999999,-0.333333,0.106227,-0.908702,b>a>c,1.0,0.0,2.0
-0.468421,0.407115,0.0909092,0.175258,-0.782609,-0.227586,-0.405063,0.09433949999999999,-0.40694,-0.774744,-0.495935,-0.0476191,-0.569187,b>a>c,1.0,0.0,2.0
-0.0368422,-0.758893,0.026737900000000002,-0.23711300000000002,0.130435,-0.634483,-0.616034,-0.698113,-0.665615,-0.518771,-0.544715,-0.985348,-0.49786,c>b>a,2.0,1.0,0.0
-0.0263156,-0.110672,0.1123,-0.0309279,-0.26087,-0.7793100000000001,-0.628692,-0.584906,-0.735016,-0.296928,-0.577236,-0.8901100000000001,-0.640514,c>a>b,1.0,2.0,0.0
-0.06315760000000001,-0.379447,0.1123,0.381443,-0.391304,-0.882759,-0.6835439999999999,-0.47169799999999995,-0.735016,-0.245734,-0.707317,-0.934066,-0.5977180000000001,c>a>b,1.0,2.0,0.0
-0.121053,0.110672,0.0695186,0.12371099999999999,-0.21739099999999997,-0.503448,-0.637131,-0.849057,-0.728707,-0.365188,-0.512195,-0.985348,-0.540656,c>a>b,1.0,2.0,0.0
-0.221052,-0.802372,-0.0481284,-0.28865999999999997,-0.673913,-0.296552,-0.898734,0.7735850000000001,-0.47003199999999995,-0.288396,-0.560976,-0.824176,-0.46933,c>a>b,1.0,2.0,0.0
-0.173684,-0.320158,-0.101604,-0.185567,-0.478261,-0.558621,-0.864979,0.886792,-0.665615,-0.00682595,-0.593496,-0.772894,-0.405136,c>a>b,1.0,2.0,0.0
-0.35789499999999996,0.573122,0.26203200000000004,0.07216489999999999,-0.586957,-0.7241380000000001,-0.945148,0.509434,-0.753943,-0.561433,-0.560976,-1.0,-0.36947199999999997,c>a>b,1.0,2.0,0.0
-0.21052600000000002,0.885376,0.36898400000000003,0.48453599999999997,-0.434783,-0.441379,-0.8902950000000001,0.886792,-0.564669,-0.365188,-0.447154,-0.692308,-0.661912,c>a>b,1.0,2.0,0.0
0.29473699999999997,0.12648199999999998,-0.112299,-0.0824742,-0.608696,-0.558621,-0.9409280000000001,0.698113,-0.7034699999999999,-0.245734,-0.46341499999999997,-0.59707,-0.569187,c>a>b,1.0,2.0,0.0
-0.0473682,-0.12253,0.336898,0.381443,-0.326087,-0.07586219999999999,-0.8902950000000001,0.509434,-0.747634,-0.37884,-0.333333,-0.355311,-0.554922,c>b>a,2.0,1.0,0.0
2.50967e-07,-0.181818,0.433155,0.07216489999999999,-0.434783,-0.613793,-0.9324889999999999,0.509434,-0.785489,-0.433447,-0.528455,-0.23809499999999997,-0.540656,c>b>a,2.0,1.0,0.0
0.226316,-0.280632,0.058823400000000005,-0.0309279,-0.586957,-0.710345,-0.9324889999999999,-0.09433960000000001,-0.8548899999999999,-0.262799,-0.6422760000000001,-0.120879,-0.28388,c>a>b,1.0,2.0,0.0
0.310527,-0.0395257,0.454545,0.329897,-0.41304300000000005,-0.606897,-0.9240510000000001,0.396226,-0.9116719999999999,-0.476109,-0.333333,-0.421245,-0.654779,c>a>b,1.0,2.0,0.0
0.363158,0.664031,0.058823400000000005,-0.0309279,-0.5217390000000001,-0.296552,-0.8059069999999999,0.283019,-0.615142,-0.467577,-0.300813,-0.428571,-0.6119829999999999,c>a>b,1.0,2.0,0.0
-0.35789499999999996,0.24110700000000002,-0.101604,-0.185567,-0.0869565,-0.7241380000000001,-0.814346,-0.396226,-0.539432,0.182594,-0.723577,-0.46520100000000003,-0.17689000000000002,c>a>b,1.0,2.0,0.0
0.121053,0.118577,-0.15508,0.07216489999999999,-0.304348,-0.641379,-0.911392,0.132075,-0.438486,-0.535836,-0.804878,-0.699634,-0.21255300000000002,c>a>b,1.0,2.0,0.0
0.5,0.699605,-0.0695187,-0.0309279,-0.782609,-1.0,-1.0,0.0188679,-0.8296530000000001,-0.382253,-0.837398,-0.956044,-0.804565,c>a>b,1.0,2.0,0.0
-0.0315789,0.529644,0.19786099999999998,0.12371099999999999,-0.652174,-0.503448,-0.8691979999999999,0.283019,-0.7160880000000001,0.0870307,-0.902439,-0.567766,-0.504993,c>a>b,1.0,2.0,0.0
0.205263,-0.0118577,0.0909092,0.12371099999999999,-0.5217390000000001,-0.344828,-0.822785,0.20754699999999998,-0.47003199999999995,0.21843,-0.886179,-0.74359,-0.46933,c>a>b,1.0,2.0,0.0
0.07894739999999999,0.24901199999999998,0.0695186,0.12371099999999999,-0.0652174,-0.703448,-0.556962,-0.20754699999999998,-0.539432,0.38566500000000004,-0.8536590000000001,-0.956044,-0.6119829999999999,c>a>b,1.0,2.0,0.0
0.3,-0.0592886,0.347593,0.381443,0.152174,-0.710345,-0.481013,-0.660377,-0.47003199999999995,0.24914699999999998,-0.8211379999999999,-0.978022,-0.6833100000000001,c>a>b,1.0,2.0,0.0
-0.0736841,-0.237154,0.19786099999999998,0.175258,-0.0869565,-0.655172,-0.56962,-0.584906,-0.463722,0.6245729999999999,-1.0,-0.8534799999999999,-0.7118399999999999,c>a>b,1.0,2.0,0.0
0.0947367,-0.541502,0.48663100000000004,0.536082,0.0,-0.158621,-0.603376,-0.509434,-0.274448,-0.00682595,-0.788618,-0.956044,-0.7903,c>a>b,1.0,2.0,0.0
0.157895,0.011857600000000001,-0.0160428,-0.185567,-0.391304,-0.434483,-0.793249,0.811321,-0.0788643,0.576792,-0.869919,-0.824176,-0.433666,c>a>b,1.0,2.0,0.0
-0.18420999999999998,-0.782609,-0.208556,-0.0309279,-0.282609,-0.655172,-0.898734,0.509434,-0.375394,0.07849830000000001,-0.837398,-0.794872,-0.483595,c>a>b,1.0,2.0,0.0
0.126316,0.758893,0.026737900000000002,0.175258,-0.5,-0.475862,-0.8776370000000001,0.811321,-0.28075700000000003,0.129693,-0.804878,-0.8461540000000001,-0.36234,c>a>b,1.0,2.0,0.0
0.47894799999999993,0.335968,0.0909092,-0.0824742,-0.586957,-0.434483,-0.793249,0.320755,-0.274448,0.31911300000000004,-0.8536590000000001,-0.728938,-0.7118399999999999,c>a>b,1.0,2.0,0.0
-0.252632,-0.0948617,0.36898400000000003,0.6907220000000001,-0.41304300000000005,-0.365517,-0.898734,0.886792,-0.539432,0.061433400000000006,-0.6910569999999999,-0.663004,-0.141227,c>a>b,1.0,2.0,0.0
0.742105,-0.628459,0.433155,0.48453599999999997,-0.391304,0.25517199999999995,-0.590717,0.509434,0.444795,1.0,-0.8536590000000001,-0.49450500000000003,-0.455064,c>a>b,1.0,2.0,0.0
0.28947399999999995,-0.632411,0.36898400000000003,0.226804,-0.586957,0.11724100000000001,-0.679325,0.47169799999999995,0.18612,0.7866890000000001,-0.8536590000000001,-0.626374,-0.512126,c>a>b,1.0,2.0,0.0
-0.3,0.221344,0.0909092,0.07216489999999999,-0.608696,-0.0896552,-0.755274,0.396226,-0.602524,0.0870307,-0.869919,-0.772894,-0.654779,c>a>b,1.0,2.0,0.0
0.4,-0.00395261,0.26203200000000004,-0.0309279,-0.195652,-0.413793,-0.907173,0.396226,-0.753943,-0.215017,-0.21951199999999998,-0.59707,-0.426534,c>a>b,1.0,2.0,0.0
-0.042105000000000004,-4.71183e-08,0.304813,0.175258,-0.21739099999999997,-0.537931,-0.8902950000000001,0.7735850000000001,-0.652997,-0.266212,-0.365854,-0.384615,-0.5834520000000001,c>a>b,1.0,2.0,0.0
0.0157896,0.07114619999999999,0.058823400000000005,-0.185567,-0.21739099999999997,-0.717241,-0.848101,0.0188679,-0.665615,-0.317406,-0.674797,-0.648352,-0.433666,c>a>b,1.0,2.0,0.0
0.44736800000000004,-0.20158099999999998,0.00534752,0.175258,-0.565217,-0.7448279999999999,-0.85654,0.05660369999999999,-0.608833,0.416382,-0.6422760000000001,-0.699634,-0.519258,c>a>b,1.0,2.0,0.0
0.42105200000000004,0.43083,-0.0374332,0.226804,-0.608696,-0.793103,-0.945148,0.47169799999999995,-0.5331229999999999,-0.0887372,-0.512195,-0.648352,-0.654779,c>a>b,1.0,2.0,0.0
0.27368400000000004,0.16996,0.326203,0.278351,-0.108696,-0.503448,-0.755274,0.132075,-0.337539,0.604096,-0.398374,-0.787546,-0.405136,c>a>b,1.0,2.0,0.0
-0.057894799999999996,0.039525599999999994,0.00534752,-0.0824742,-0.608696,-0.655172,-0.864979,0.0188679,-0.646688,0.532423,-0.6097560000000001,-0.648352,-0.419401,c>a>b,1.0,2.0,0.0
0.342105,-0.272727,0.42246000000000006,0.43299,-0.23913,-0.606897,-0.78903,-0.018868,-0.287066,0.259386,-0.577236,-0.611722,-0.326676,c>a>b,1.0,2.0,0.0
0.24736799999999998,0.525692,0.604278,0.48453599999999997,-0.0869565,-0.310345,-0.738397,-0.47169799999999995,-0.5583600000000001,0.232082,-0.6910569999999999,-0.52381,-0.49786,c>a>b,1.0,2.0,0.0
-0.384211,-0.0948617,0.026737900000000002,-0.134021,-0.434783,-0.813793,-0.936709,0.0188679,-0.798107,-0.27986300000000003,-0.707317,-0.5897439999999999,-0.669044,c>a>b,1.0,2.0,0.0
-0.0842102,-0.347826,-0.0160428,-0.0824742,-0.652174,-0.717241,-0.92827,0.320755,-0.8548899999999999,0.47098999999999996,-0.8536590000000001,-0.736264,-0.726106,c>a>b,1.0,2.0,0.0
0.647368,-0.30039499999999997,0.19786099999999998,-0.0309279,-0.543478,-0.517241,-0.848101,0.169811,-0.47634099999999996,0.43686,-0.772358,-0.677656,-0.455064,c>a>b,1.0,2.0,0.0
0.410526,0.9407110000000001,0.165775,0.0206185,-0.45652200000000004,-0.517241,-0.886076,0.47169799999999995,-0.589905,0.09556310000000001,-0.739837,-0.655678,-0.340942,c>a>b,1.0,2.0,0.0
0.24736799999999998,0.25296399999999997,0.19786099999999998,0.278351,-0.304348,-0.434483,-0.8270040000000001,0.132075,-0.369085,0.0273038,-0.6422760000000001,-0.787546,-0.326676,c>a>b,1.0,2.0,0.0
0.178948,0.39921,-0.0374332,-0.0309279,0.0869565,-0.57931,-0.8523209999999999,0.132075,-0.40694,0.522184,-0.8211379999999999,-0.787546,-0.205421,c>a>b,1.0,2.0,0.0
0.126316,-0.268775,0.0802138,-0.0309279,0.0869565,-0.537931,-0.85654,0.509434,-0.337539,0.368601,-0.804878,-0.74359,-0.19828800000000002,c>a>b,1.0,2.0,0.0
0.631579,0.328063,0.47593599999999997,0.43299,-0.434783,-0.262069,-0.822785,0.622641,-0.40694,0.351536,-0.788618,-0.758242,-0.5977180000000001,c>a>b,1.0,2.0,0.0
