A1,A2,A3,A4,A5,A6,A7,A8,A9,A10,A11,A12,A13,A14,A15,A16,ranking,a,b,c,d,e,f,g,h,i,j,k,l,m,n,o,p
0.326441,0.194749,1.2222979999999999,0.126851,0.124328,-0.6254149999999999,-0.77727,-0.672511,-0.47869700000000004,-0.23066599999999998,0.080577,0.06740700000000001,1.167938,-0.13122799999999998,0.026163,-0.790578,g>p>f>i>h>e>d>b>o>l>n>c>a>k>j>m,12.0,7.0,11.0,6.0,5.0,2.0,0.0,4.0,3.0,14.0,13.0,9.0,15.0,10.0,8.0,1.0
-0.221077,0.18529,-2.749752,0.37416,0.090349,1.239475,2.68686,2.026885,1.775268,1.770876,2.190641,1.584474,-0.6981850000000001,1.981063,1.7306689999999998,-0.13292400000000001,m>n>k>l>h>o>e>i>f>a>d>j>b>c>p>g,9.0,12.0,13.0,10.0,6.0,8.0,15.0,4.0,7.0,11.0,2.0,3.0,0.0,1.0,5.0,14.0
-0.586088,1.250974,-1.121258,1.060092,1.1436959999999998,-1.1433959999999999,-0.472666,-0.434287,-0.147448,1.460167,-0.362563,-0.060064,-1.256866,-0.151358,0.246905,-0.210531,n>d>i>f>h>m>e>c>a>o>k>p>b>l>j>g,8.0,12.0,7.0,1.0,6.0,3.0,15.0,4.0,2.0,14.0,10.0,13.0,5.0,0.0,9.0,11.0
-0.586088,-1.8861720000000002,-0.44310299999999997,-1.735898,-1.6507880000000001,3.151166,2.8122849999999997,1.199446,0.54155,2.413971,4.76031,-0.34985900000000003,-0.223079,-0.372332,-0.89679,0.773942,n>d>o>k>j>e>a>m>l>b>c>p>g>i>h>f,6.0,9.0,10.0,1.0,5.0,15.0,12.0,14.0,13.0,4.0,3.0,8.0,7.0,0.0,2.0,11.0
-0.586088,0.91046,-1.8363189999999998,0.948103,0.9284959999999999,-0.196276,-0.195933,0.587677,0.51505,-0.432988,-0.536801,0.494354,-0.9331799999999999,0.539471,0.502841,1.570084,b>c>e>h>f>p>i>l>j>d>m>a>o>k>n>g,11.0,0.0,1.0,9.0,2.0,4.0,15.0,3.0,6.0,8.0,13.0,7.0,10.0,14.0,12.0,5.0
-0.586088,-1.466835,-1.6171870000000002,-1.4083299999999999,-1.320626,1.2791370000000002,0.283869,0.142242,-0.298792,0.23901,1.2206709999999998,-0.6980649999999999,-1.011069,-0.576378,-0.8214040000000001,0.327366,o>j>l>e>n>k>b>a>m>p>c>d>i>h>f>g,7.0,6.0,10.0,11.0,3.0,14.0,15.0,13.0,12.0,1.0,5.0,2.0,8.0,4.0,0.0,9.0
1.2389700000000001,-1.164156,-0.339303,-1.147023,-1.107691,1.2791370000000002,0.435175,-0.883106,-0.793751,0.965201,1.6144209999999999,-0.066196,0.195742,-0.184298,-0.402619,0.6719149999999999,o>j>e>p>k>n>a>c>g>m>d>b>i>f>l>h,6.0,11.0,7.0,10.0,2.0,13.0,8.0,15.0,12.0,1.0,4.0,14.0,9.0,5.0,0.0,3.0
-0.40358299999999997,-1.388012,-0.110945,-1.27301,-1.272206,1.9454529999999999,1.006558,0.41711499999999996,0.197934,1.521586,1.52936,-0.960752,-0.514927,-0.847678,-0.95739,-0.356379,n>j>k>o>m>l>a>g>d>e>b>p>c>i>h>f,6.0,10.0,12.0,8.0,9.0,15.0,7.0,14.0,13.0,1.0,2.0,5.0,4.0,0.0,3.0,11.0
3.064029,-1.5582690000000001,0.401131,-1.437727,-1.396512,1.25534,1.9303259999999998,1.000692,-0.040565,0.36546100000000004,2.7010080000000003,-0.988828,0.616458,-1.0155809999999998,-0.965303,0.117961,o>k>l>e>a>j>b>g>p>n>m>c>d>i>f>h,4.0,6.0,11.0,12.0,3.0,14.0,7.0,15.0,13.0,5.0,1.0,2.0,10.0,9.0,0.0,8.0
-0.586088,-0.43583299999999997,0.21659899999999999,-0.563747,-0.48502700000000004,-1.6431330000000002,-1.5121040000000001,-1.738314,-1.57756,-1.4482110000000001,-0.791985,-0.724527,-0.16433,-0.820227,-0.620237,-0.9257209999999999,g>o>n>f>i>p>e>h>d>j>a>k>c>b>l>m,10.0,13.0,12.0,8.0,6.0,3.0,0.0,7.0,4.0,9.0,11.0,14.0,15.0,2.0,1.0,5.0
-0.586088,-0.5115029999999999,-1.017458,-0.5217510000000001,-0.5325979999999999,-0.450111,-0.26760500000000004,-0.800221,-0.6109020000000001,-0.313763,-0.263783,-0.316943,-0.547334,-0.317889,-0.33597899999999997,-0.342999,k>n>o>a>e>m>d>h>f>i>j>l>c>g>b>p,3.0,14.0,12.0,6.0,4.0,8.0,13.0,7.0,9.0,10.0,0.0,11.0,5.0,1.0,2.0,15.0
-0.586088,-0.489433,0.380371,-0.517085,-0.527784,-1.488452,-0.84496,-0.802476,-0.976601,-0.295698,-1.284516,-0.647722,-0.370898,-0.6202989999999999,-0.702078,0.9943860000000001,d>c>b>a>g>e>n>i>p>h>f>k>l>o>j>m,3.0,2.0,1.0,0.0,5.0,10.0,4.0,9.0,7.0,14.0,11.0,12.0,15.0,6.0,13.0,8.0
0.508947,-0.9024639999999999,1.208458,-0.8423200000000001,-0.878617,0.8825209999999999,0.335631,0.107001,-0.387714,1.351781,1.1013110000000002,-0.755185,-0.456178,-0.631279,-0.7860020000000001,-0.397859,o>k>p>l>n>g>j>e>a>b>m>d>h>c>i>f,8.0,9.0,13.0,11.0,7.0,15.0,5.0,12.0,14.0,6.0,1.0,3.0,10.0,4.0,0.0,2.0
-0.586088,-0.858323,-0.5007689999999999,-0.935177,-0.805845,-0.325573,-1.406388,-1.160939,-1.007517,-1.2386629999999998,-0.483295,-0.42376,-0.063889,-0.486708,-0.518404,-0.360728,g>j>n>m>o>i>f>h>d>c>l>p>e>b>k>a,15.0,13.0,9.0,8.0,12.0,6.0,0.0,7.0,5.0,1.0,14.0,10.0,3.0,2.0,4.0,11.0
-0.40358299999999997,-0.40115100000000004,-0.37390300000000004,-0.311772,-0.482196,1.128423,1.185737,0.22399899999999998,0.470883,0.8495879999999999,1.484086,-0.112344,-0.380374,-0.18521300000000002,-0.335563,0.076816,j>o>n>m>k>l>g>e>p>f>h>i>a>d>c>b,12.0,15.0,14.0,13.0,7.0,9.0,6.0,10.0,11.0,0.0,4.0,5.0,3.0,2.0,1.0,8.0
-0.586088,-0.650231,-1.854772,-0.57308,-0.7494970000000001,0.358987,1.410706,0.724409,0.31659499999999996,2.139391,1.0395729999999999,-0.533159,-1.0690600000000001,-0.40024,-0.528608,-0.002464,n>d>k>m>c>a>b>l>o>e>j>h>f>i>p>g,5.0,6.0,4.0,1.0,9.0,12.0,15.0,11.0,13.0,10.0,2.0,7.0,3.0,0.0,8.0,14.0
-0.40358299999999997,1.184763,0.170466,1.046093,1.231475,-0.673802,-0.805142,-0.6570050000000001,-0.014359,-0.577504,-1.366833,0.282978,-0.278037,0.020206000000000002,0.49346999999999996,-0.691896,i>f>h>g>p>m>j>n>k>l>o>c>d>e>a>b,14.0,15.0,11.0,12.0,13.0,1.0,3.0,2.0,0.0,6.0,8.0,9.0,5.0,7.0,10.0,4.0
-0.586088,-0.2372,-0.21243800000000002,-0.22311399999999998,-0.182615,0.739739,0.06089,-0.053694000000000006,0.144051,0.23901,0.076462,0.654419,-0.7050069999999999,0.547249,0.672771,-0.250338,j>i>f>h>m>n>o>g>l>p>k>d>e>b>c>a,15.0,13.0,14.0,11.0,12.0,2.0,7.0,3.0,1.0,0.0,10.0,8.0,4.0,5.0,6.0,9.0
-0.40358299999999997,-0.082707,-1.361149,0.056858000000000006,-0.159679,1.25534,1.6914200000000001,0.9386690000000001,1.569157,4.014482,1.562287,1.426345,-0.5642,1.380362,0.856029,0.412333,e>m>c>n>p>o>j>h>a>f>d>k>i>b>l>g,8.0,13.0,2.0,10.0,0.0,9.0,15.0,7.0,12.0,6.0,11.0,14.0,1.0,3.0,5.0,4.0
-0.586088,-0.8898520000000001,-0.17783800000000002,-0.810589,-0.918259,0.208273,0.879141,-0.194654,0.030101999999999997,1.1675229999999999,0.891402,-1.127917,-0.550555,-0.9830979999999999,-1.025487,-0.784222,m>k>o>n>l>g>j>a>e>p>c>h>d>b>f>i,7.0,13.0,10.0,12.0,8.0,14.0,5.0,11.0,15.0,6.0,1.0,4.0,0.0,3.0,2.0,9.0
1.786488,0.380771,-0.47308900000000004,0.341496,0.353686,-0.664283,-0.717544,-0.10303,-0.27965300000000004,-0.8376319999999999,-0.789241,0.803189,1.0902379999999998,0.6282270000000001,0.484099,1.322544,c>b>p>d>e>f>i>h>a>j>g>l>m>o>k>n,8.0,1.0,0.0,3.0,4.0,5.0,10.0,7.0,6.0,9.0,14.0,11.0,12.0,15.0,13.0,2.0
-0.586088,-0.6628430000000001,0.6848489999999999,-0.577746,-0.6702130000000001,0.430378,0.538701,0.169024,0.020679,-0.01028,0.364572,-0.532514,-0.49597600000000003,-0.348084,-0.557971,-0.522967,k>l>n>g>j>m>o>h>a>f>i>b>d>p>e>c,8.0,11.0,15.0,12.0,14.0,9.0,3.0,7.0,10.0,4.0,0.0,1.0,5.0,2.0,6.0,13.0
-0.586088,0.052868,-1.672547,0.010196,-0.039619999999999995,-0.341438,-0.536374,-0.811357,-0.21428699999999998,-0.685891,-0.171862,-0.01198,-0.855101,0.181247,-0.191456,-0.391169,p>a>e>d>h>f>c>i>b>k>o>n>m>j>l>g,1.0,8.0,6.0,3.0,2.0,5.0,15.0,4.0,7.0,13.0,9.0,14.0,12.0,11.0,10.0,0.0
-0.221077,-1.75375,-0.83062,-1.719566,-1.496467,0.644551,0.178352,-0.486443,-1.030189,1.344555,2.091861,-0.39213400000000004,-0.46186400000000005,-0.358607,-0.610033,-0.416592,o>n>l>k>j>e>d>a>p>b>g>m>h>c>i>f,7.0,9.0,13.0,6.0,5.0,15.0,10.0,12.0,14.0,4.0,3.0,2.0,11.0,1.0,0.0,8.0
-0.40358299999999997,-0.12054200000000001,0.387291,-0.092461,-0.197622,1.342596,0.138534,1.203675,0.986159,1.153071,0.147803,-0.010043999999999999,0.23554,-0.118875,-0.052346000000000004,0.492281,j>l>b>n>g>m>d>f>a>k>e>i>h>o>c>p,8.0,2.0,14.0,6.0,10.0,7.0,4.0,12.0,11.0,0.0,9.0,1.0,5.0,3.0,13.0,15.0
-0.586088,0.588863,0.9616469999999999,0.612136,0.546233,-0.6952189999999999,0.5825,0.132374,-0.320286,-0.274021,-0.018203,-0.15558699999999998,-1.265015,-0.334359,-0.044225,-0.595891,k>o>l>f>h>i>n>p>j>g>a>m>e>b>d>c,10.0,13.0,15.0,14.0,12.0,3.0,9.0,4.0,5.0,8.0,0.0,2.0,11.0,6.0,1.0,7.0
-0.586088,-0.40115100000000004,-1.019765,-0.3631,-0.45841099999999996,0.09722,0.26396,-0.294736,-0.27347,0.24984800000000001,0.330273,-0.871361,-1.1143530000000001,-0.949701,-0.7343569999999999,-0.8735370000000001,o>n>k>l>m>j>e>a>f>p>i>h>d>g>b>c,7.0,14.0,15.0,12.0,6.0,8.0,13.0,11.0,10.0,5.0,2.0,3.0,4.0,1.0,0.0,9.0
1.786488,-0.993898,-0.134012,-0.986972,-0.9516709999999999,-0.360475,-0.653836,-0.344072,-0.907701,-0.158409,-0.204789,-1.026262,-0.48271000000000003,-0.7328439999999999,-0.945103,-0.307206,n>o>l>k>b>p>j>g>e>d>a>c>m>h>i>f,10.0,4.0,11.0,9.0,8.0,15.0,7.0,13.0,14.0,6.0,3.0,2.0,12.0,0.0,1.0,5.0
1.2389700000000001,-0.760583,0.668702,-0.897848,-0.765354,-0.706325,-1.818301,-1.865319,-1.702404,-1.314534,-1.056772,1.9685,1.7326830000000002,1.746822,0.743576,0.028980000000000002,c>p>g>b>a>e>i>d>f>h>o>k>n>j>l>m,4.0,3.0,0.0,7.0,5.0,8.0,2.0,9.0,6.0,13.0,11.0,14.0,15.0,12.0,10.0,1.0
-0.586088,-1.236673,-0.34160999999999997,-1.231015,-1.160642,-0.09315599999999999,-0.341267,-0.704932,-0.9545170000000001,-0.754536,0.19856500000000002,-1.261842,-1.2930620000000002,-1.241588,-1.078173,-0.478142,m>j>o>l>k>p>e>c>b>a>n>g>d>i>h>f,9.0,8.0,7.0,12.0,6.0,15.0,11.0,14.0,13.0,1.0,4.0,3.0,0.0,10.0,2.0,5.0
-0.586088,-1.249284,-0.166305,-1.3346040000000001,-1.149882,-1.678035,-1.6391220000000002,-1.7649549999999998,-1.9579810000000002,-0.523311,-0.9429,-1.17955,-0.84752,-1.229235,-1.036316,-1.176272,g>n>p>d>o>k>i>a>f>b>l>h>e>m>c>j,7.0,9.0,14.0,3.0,12.0,8.0,0.0,11.0,6.0,15.0,5.0,10.0,13.0,1.0,4.0,2.0
-0.586088,-2.034359,-0.219358,-2.000938,-1.6932619999999998,1.580565,-0.41493,-0.7317140000000001,-0.8867950000000001,-0.12228,0.8173159999999999,-1.185682,0.29239299999999996,-1.114859,-1.110452,0.424041,j>g>o>p>l>n>e>k>b>d>a>m>c>i>h>f,10.0,8.0,12.0,9.0,6.0,15.0,1.0,14.0,13.0,0.0,7.0,4.0,11.0,5.0,2.0,3.0
-0.586088,0.525805,0.578743,0.6308010000000001,0.382002,-0.9490540000000001,1.520205,0.7666970000000001,0.376956,1.377071,0.094297,1.216905,0.7434310000000001,2.091322,0.720668,-0.083082,a>d>b>k>c>n>e>l>m>h>f>o>g>i>p>j,0.0,2.0,4.0,1.0,6.0,10.0,12.0,9.0,13.0,15.0,3.0,7.0,8.0,5.0,11.0,14.0
-0.40358299999999997,-1.299731,-0.46616899999999994,-1.28141,-1.200284,0.105152,0.019082,-0.815304,-0.7428130000000001,0.163139,0.696584,-0.753894,-0.8505520000000001,-0.8380700000000001,-0.811408,-0.576824,n>o>j>k>p>e>d>g>l>a>m>i>f>b>h>c,9.0,13.0,15.0,6.0,5.0,12.0,7.0,14.0,11.0,2.0,3.0,8.0,10.0,0.0,1.0,4.0
-0.40358299999999997,-1.3344129999999998,-0.11325199999999999,-1.370067,-1.239077,-0.446938,-0.75537,-1.0391489999999999,-1.009578,-0.660601,-0.133447,-1.323803,-1.253455,-1.338121,-1.162097,-1.1528559999999999,n>j>o>k>g>l>m>p>d>a>f>i>e>h>b>c,9.0,14.0,15.0,8.0,12.0,10.0,4.0,13.0,11.0,1.0,3.0,5.0,6.0,0.0,2.0,7.0
-0.586088,0.393383,-1.084351,0.416156,0.302718,0.565227,0.5168010000000001,0.5792189999999999,0.41493900000000006,-0.078925,-0.309057,0.080315,-1.156803,0.015631,0.026371,-0.168048,l>m>j>k>n>b>a>f>d>h>c>i>o>e>p>g,6.0,5.0,10.0,8.0,13.0,7.0,15.0,9.0,11.0,2.0,3.0,0.0,1.0,4.0,12.0,14.0
-0.40358299999999997,-1.3344129999999998,-0.8398459999999999,-1.3439370000000002,-1.230299,1.0332350000000001,-0.389049,-0.475166,-0.39478,0.7195239999999999,0.689725,-1.022713,-0.720168,-1.080547,-0.9588479999999999,-0.088434,j>o>n>m>l>k>e>d>g>a>c>b>p>i>f>h,9.0,11.0,10.0,7.0,6.0,14.0,8.0,15.0,13.0,0.0,5.0,4.0,3.0,2.0,1.0,12.0
-0.586088,-0.725901,-0.064812,-0.817589,-0.725712,-0.968885,-1.430079,-1.462877,-1.5743209999999999,-1.130277,-0.80982,-0.947198,-0.8334959999999999,-0.9890459999999999,-0.84098,-0.709625,g>p>j>m>o>i>f>n>h>l>k>d>c>a>b>e,13.0,14.0,12.0,11.0,15.0,6.0,0.0,8.0,5.0,2.0,10.0,9.0,3.0,7.0,4.0,1.0
1.786488,0.569946,-0.860606,0.500147,0.517918,0.20034000000000002,-0.317377,-0.338434,0.09222899999999999,-0.042796,-0.42978900000000003,0.398509,-0.15295899999999998,0.26451199999999997,0.670689,-0.11318800000000001,i>f>h>j>m>n>p>c>k>d>l>g>o>a>b>e,13.0,14.0,7.0,9.0,15.0,1.0,11.0,2.0,0.0,3.0,8.0,10.0,4.0,5.0,12.0,6.0
0.508947,-0.848864,-0.163998,-0.897381,-0.8839969999999999,0.866656,-0.122271,-0.380722,-0.164231,0.354622,0.663658,-0.585439,-0.23445,-0.697159,-0.628984,-1.049491,p>o>n>k>m>g>e>a>d>j>c>l>i>b>f>h,7.0,13.0,10.0,8.0,6.0,14.0,5.0,15.0,12.0,9.0,3.0,11.0,4.0,2.0,1.0,0.0
-0.586088,-0.993898,-0.034825999999999996,-0.856785,-0.91571,0.16861099999999998,1.157865,0.8061659999999999,-0.008176000000000001,0.07281699999999999,1.3962809999999999,0.321381,-0.010826,0.509734,-0.19812000000000002,0.873292,a>k>l>b>e>o>j>c>m>g>d>n>p>h>i>f,0.0,3.0,7.0,10.0,4.0,15.0,9.0,13.0,14.0,6.0,1.0,2.0,8.0,11.0,5.0,12.0
-0.40358299999999997,-1.488905,0.354998,-1.497455,-1.3311030000000001,0.747671,-0.327331,-0.6133069999999999,-0.532285,-0.086151,0.43316899999999997,-0.57608,-0.181386,-0.609318,-0.704577,0.329373,j>o>g>k>n>m>l>e>a>c>d>b>p>i>f>h,8.0,11.0,9.0,10.0,7.0,14.0,2.0,15.0,13.0,0.0,3.0,6.0,5.0,4.0,1.0,12.0
-0.586088,-0.826794,0.378065,-0.811056,-0.8517170000000001,1.144287,0.104689,-0.417372,0.10253499999999999,0.087268,0.5209739999999999,-0.794878,0.013811000000000002,-0.8275469999999999,-0.729984,-0.031232,j>g>n>o>k>d>m>e>a>c>l>i>b>p>f>h,8.0,12.0,9.0,5.0,7.0,14.0,1.0,15.0,11.0,0.0,4.0,10.0,6.0,2.0,3.0,13.0
0.14393499999999998,-0.06379,0.51185,-0.027134,-0.112392,0.343122,0.803488,0.18171099999999998,-0.216937,-0.006667,0.291858,-0.042961,-0.441017,-0.25338099999999997,-0.017153,-0.326608,k>o>a>l>e>p>j>g>f>i>h>m>n>b>d>c,2.0,13.0,15.0,14.0,4.0,8.0,7.0,10.0,9.0,6.0,0.0,3.0,11.0,12.0,1.0,5.0
-0.221077,-1.135779,-1.501855,-1.136291,-1.090136,-0.164547,-0.291496,-1.105401,-1.063461,-0.964084,0.40024299999999996,-1.04982,-1.2379149999999999,-1.0530959999999998,-0.97759,-0.695576,o>p>k>j>e>a>n>d>m>l>i>h>f>c>b>g,5.0,14.0,13.0,7.0,4.0,12.0,15.0,11.0,10.0,3.0,2.0,9.0,8.0,6.0,0.0,1.0
-0.586088,0.677145,-1.5710540000000002,0.6168020000000001,0.5292439999999999,0.40658099999999997,0.638245,1.11205,0.965548,2.482616,0.6554260000000001,1.9975439999999998,-1.563117,1.652119,2.05137,1.409517,d>c>b>n>e>m>l>f>a>h>j>i>o>p>k>g,8.0,2.0,1.0,0.0,4.0,7.0,15.0,9.0,11.0,10.0,14.0,6.0,5.0,3.0,12.0,13.0
-0.40358299999999997,0.5352640000000001,0.920127,0.668131,0.461286,1.485377,0.7258439999999999,0.5270640000000001,1.769379,-1.065245,1.3029879999999998,-0.274345,3.1009580000000003,0.705545,-0.06650700000000001,0.25042800000000004,e>a>d>c>g>m>p>o>h>f>i>j>k>b>l>n,1.0,13.0,3.0,2.0,0.0,9.0,4.0,8.0,10.0,11.0,12.0,14.0,5.0,15.0,7.0,6.0
-0.586088,-0.738513,-0.569968,-0.675736,-0.746099,0.089288,0.252015,0.192987,0.039524000000000004,-0.266795,0.013352000000000001,-0.410529,-0.586183,-0.252924,-0.48216899999999996,0.820774,m>c>j>l>b>k>a>e>o>n>h>d>i>f>p>g,6.0,4.0,1.0,11.0,7.0,13.0,15.0,10.0,12.0,2.0,5.0,3.0,0.0,9.0,8.0,14.0
-0.221077,1.0618,0.122027,1.055426,1.038928,0.041694,0.176361,0.104182,0.43260600000000005,-0.465504,-0.868814,0.493386,0.349247,0.382548,0.472646,0.018609999999999998,d>a>f>i>h>p>k>m>n>c>e>g>b>j>l>o,1.0,12.0,9.0,0.0,10.0,2.0,11.0,4.0,3.0,13.0,6.0,14.0,7.0,8.0,15.0,5.0
-0.40358299999999997,-0.940299,-0.583808,-0.9473090000000001,-0.9247719999999999,-0.41679499999999997,-0.568228,-0.8800049999999999,-0.8367399999999999,-0.180086,0.158779,-1.014968,1.094028,-0.861403,-0.904703,0.404304,e>o>g>j>a>c>b>k>m>d>l>n>i>h>f>p,4.0,6.0,5.0,9.0,0.0,14.0,2.0,13.0,12.0,3.0,7.0,10.0,8.0,11.0,1.0,15.0
-0.586088,-1.012816,0.8578479999999999,-0.862851,-0.95337,0.176543,0.815433,0.6341939999999999,-0.259925,-0.125893,0.481188,-0.453772,0.269652,0.502414,-0.554848,0.233368,a>k>b>l>e>g>o>j>c>m>h>p>d>n>i>f,0.0,2.0,8.0,12.0,4.0,15.0,5.0,10.0,14.0,7.0,1.0,3.0,9.0,13.0,6.0,11.0
-0.586088,-1.35333,-1.554908,-1.286542,-1.242758,2.936994,0.674081,0.715951,0.270956,-0.013893,1.9450619999999998,-0.6880609999999999,-0.663125,-0.8458479999999999,-0.742062,0.12230899999999999,o>j>e>l>b>m>k>n>a>c>d>p>i>f>h>g,8.0,4.0,9.0,10.0,2.0,13.0,15.0,14.0,12.0,1.0,6.0,3.0,5.0,7.0,0.0,11.0
0.14393499999999998,-0.7984180000000001,-1.29887,-0.753195,-0.811508,1.064964,0.443139,0.178891,0.071324,0.824298,0.677377,-0.57253,-0.6155579999999999,-0.5809529999999999,-0.6062850000000001,0.063101,j>o>m>k>n>l>e>a>c>h>g>d>f>b>i>p,7.0,13.0,8.0,11.0,6.0,12.0,10.0,9.0,14.0,0.0,3.0,5.0,2.0,4.0,1.0,15.0
-0.221077,-0.5115029999999999,0.14048,-0.42376099999999994,-0.528067,1.0094379999999998,0.6482,0.803347,0.23503400000000002,0.603912,1.4497870000000002,-0.16785,-0.382269,-0.302334,-0.24289299999999997,0.6364569999999999,j>l>o>e>b>k>m>a>p>n>g>f>i>c>h>d,7.0,4.0,13.0,15.0,3.0,11.0,10.0,14.0,12.0,0.0,5.0,1.0,6.0,9.0,2.0,8.0
-0.40358299999999997,0.172679,-0.528449,-0.027134,0.036549,-1.487659,-1.501552,-1.175317,-0.9082899999999999,0.723137,-1.7139369999999998,-0.172368,-0.11316199999999998,-0.412592,-0.338478,-0.927394,d>n>p>f>i>h>g>b>c>e>l>a>m>o>k>j,11.0,7.0,8.0,0.0,9.0,3.0,6.0,5.0,4.0,15.0,14.0,10.0,12.0,1.0,13.0,2.0
2.516511,0.39653499999999997,-1.19507,0.30883299999999997,0.30554899999999996,0.208273,-0.649854,-0.149547,-0.0046429999999999996,0.134236,-0.084057,0.35107,0.582346,0.291047,0.420167,0.43675200000000003,p>f>e>j>i>h>c>d>m>o>b>n>a>l>k>g,12.0,10.0,6.0,7.0,2.0,1.0,15.0,5.0,4.0,3.0,14.0,13.0,8.0,11.0,9.0,0.0
-0.586088,2.1590130000000003,-0.48462200000000005,2.399293,2.2423490000000004,3.325678,2.86803,3.8128550000000003,3.368207,2.623519,0.8269200000000001,2.920499,3.498933,2.538302,3.388319,5.530723,b>a>e>d>h>f>j>i>m>l>c>k>p>n>o>g,1.0,0.0,10.0,3.0,2.0,5.0,15.0,4.0,7.0,6.0,11.0,9.0,8.0,13.0,14.0,12.0
2.1515,0.503734,-0.78218,0.40215700000000004,0.478275,-1.634407,-1.241543,-0.896497,-0.8991620000000001,0.061978,-1.68787,0.27620100000000003,0.129413,0.437906,0.22774699999999998,-0.79225,p>f>h>i>b>d>a>c>n>l>e>g>k>o>m>j,6.0,4.0,7.0,5.0,10.0,1.0,11.0,2.0,3.0,15.0,12.0,9.0,14.0,8.0,13.0,0.0
1.421476,0.752814,0.650249,0.728791,0.631181,-0.101088,0.32368600000000003,1.384104,0.82716,0.986878,-0.221252,-0.350827,-0.14158900000000002,-0.683434,-0.145016,-0.58987,l>g>f>i>b>h>k>n>p>a>m>o>e>d>j>c,9.0,4.0,15.0,13.0,12.0,2.0,1.0,5.0,3.0,14.0,6.0,0.0,10.0,7.0,11.0,8.0
-0.586088,-0.391692,-0.175531,-0.40043,-0.45104799999999995,-0.156614,-0.283532,-0.733124,-0.903284,0.8351370000000001,-0.525826,-0.551231,-0.016511,-0.647291,-0.5542229999999999,-0.642054,n>g>j>k>f>h>i>d>a>o>l>e>p>b>m>c,8.0,13.0,15.0,7.0,11.0,4.0,1.0,5.0,6.0,2.0,3.0,10.0,14.0,0.0,9.0,12.0
1.0564639999999998,0.91046,-0.187065,0.84078,0.911507,-0.808652,-0.44081099999999995,-0.056513,-0.013182,1.543264,-0.8770459999999999,0.732192,-0.25340100000000004,0.549079,0.9414110000000001,-0.6229859999999999,n>i>f>d>h>m>c>b>l>k>a>p>g>e>o>j,10.0,7.0,6.0,3.0,13.0,2.0,12.0,4.0,1.0,15.0,9.0,8.0,5.0,0.0,14.0,11.0
-0.586088,-1.4605290000000002,0.038987,-1.5427170000000001,-1.310432,-0.969678,-1.692875,-1.539277,-1.7598200000000002,-1.242276,-0.287106,-1.185359,0.201428,-1.2818479999999999,-1.05006,0.23504099999999997,g>j>d>o>n>e>b>p>a>c>l>i>k>f>h>m,8.0,6.0,9.0,2.0,5.0,13.0,0.0,14.0,11.0,1.0,12.0,10.0,15.0,4.0,3.0,7.0
0.873959,-0.773195,-1.0912709999999999,-0.83672,-0.823967,1.104626,-0.24172399999999997,-0.033958999999999996,-0.016715,0.10172,-0.079941,2.233124,0.337876,1.903288,0.658194,1.071659,d>c>b>n>a>j>m>e>f>l>h>i>p>k>o>g,4.0,2.0,1.0,0.0,7.0,8.0,15.0,10.0,11.0,5.0,13.0,9.0,6.0,3.0,14.0,12.0
-0.40358299999999997,-0.407457,-0.9805520000000001,-0.451758,-0.44198699999999996,-0.441385,-0.576191,-0.8716879999999999,-0.806118,-0.24511799999999997,-0.036039,0.32557600000000003,0.11046199999999999,0.125431,0.07885,-0.00882,d>f>i>e>h>o>b>j>n>c>a>p>g>k>l>m,10.0,6.0,9.0,0.0,3.0,1.0,12.0,4.0,2.0,7.0,13.0,14.0,15.0,8.0,5.0,11.0
-0.586088,-1.766362,-1.3196290000000002,-1.670104,-1.5208190000000001,0.5017689999999999,0.544674,0.135194,-0.372697,2.706615,1.504665,-0.917509,0.288603,-0.9048649999999999,-0.94906,-0.458071,d>n>c>o>e>a>k>b>m>l>j>p>g>i>h>f,5.0,7.0,2.0,0.0,4.0,15.0,12.0,14.0,13.0,10.0,6.0,9.0,8.0,1.0,3.0,11.0
0.691453,0.08755,-0.360063,0.12218499999999999,-0.015269,0.692145,0.47499300000000005,0.411476,0.547439,0.1523,-0.148539,0.668941,0.23933000000000001,0.586137,0.491804,0.749522,p>a>c>b>e>k>j>f>i>h>d>l>m>o>g>n,1.0,3.0,2.0,10.0,4.0,7.0,14.0,9.0,8.0,6.0,5.0,11.0,12.0,15.0,13.0,0.0
-0.221077,0.7843439999999999,-1.2481229999999999,0.719459,0.735949,-0.180411,-0.582164,-0.091753,0.7447159999999999,-0.718407,-0.17460599999999998,1.44248,-0.642089,1.428857,1.074689,0.479904,c>d>p>f>h>i>b>a>e>m>n>o>k>l>j>g,7.0,6.0,0.0,1.0,8.0,3.0,15.0,4.0,5.0,14.0,12.0,13.0,9.0,10.0,11.0,2.0
-0.586088,0.689756,-0.957485,0.74279,0.693475,0.7318060000000001,0.476984,1.331949,1.2305469999999998,0.354622,-0.263783,0.42723,-0.427752,0.243925,0.557611,-0.9163549999999999,i>l>f>h>m>n>p>k>o>j>b>e>c>d>a>g,14.0,10.0,12.0,13.0,11.0,2.0,15.0,3.0,0.0,9.0,7.0,1.0,4.0,5.0,8.0,6.0
-0.038571,1.8500279999999998,-0.060199,1.7413580000000002,2.02998,-1.458309,-0.560264,-0.337024,0.300695,-0.461892,-0.9895459999999999,0.194232,-0.791425,0.15745599999999998,0.573854,-0.631015,i>f>h>m>n>c>o>k>d>e>l>g>a>b>j>p,12.0,13.0,5.0,8.0,9.0,1.0,11.0,2.0,0.0,14.0,7.0,10.0,3.0,4.0,6.0,15.0
-0.40358299999999997,-0.196212,-0.807553,-0.255778,-0.234433,-1.120392,-1.011796,-1.016173,-0.619735,-0.129505,-1.0156129999999999,-0.016175,0.22227399999999997,-0.0594,-0.061509,-0.22525,c>p>d>f>i>e>h>a>n>g>m>b>o>k>l>j,7.0,11.0,0.0,2.0,5.0,3.0,9.0,6.0,4.0,15.0,13.0,14.0,10.0,8.0,12.0,1.0
-0.221077,0.497429,0.419584,0.33683,0.172465,1.3505280000000002,0.369476,0.783612,0.844827,1.611909,0.367316,0.807062,0.017601,0.326275,0.135701,0.7297859999999999,d>e>n>j>f>b>c>h>i>m>a>p>g>l>o>k,10.0,5.0,6.0,0.0,1.0,4.0,12.0,7.0,8.0,3.0,15.0,13.0,9.0,2.0,14.0,11.0
-0.40358299999999997,-1.252437,-0.616101,-1.3504690000000001,-1.143086,-0.975231,-1.587956,-1.3775950000000001,-1.543699,-1.195309,-0.8276549999999999,-0.43344099999999997,-0.240135,-0.510955,-0.560054,-0.265392,g>j>p>n>d>i>f>o>h>b>l>c>e>a>k>m,13.0,9.0,11.0,4.0,12.0,6.0,0.0,8.0,5.0,1.0,14.0,10.0,15.0,3.0,7.0,2.0
-0.40358299999999997,-0.612396,-2.401448,-0.57308,-0.657471,1.8185349999999998,0.255996,0.660977,0.674049,0.134236,1.090335,-0.590925,-1.166279,-0.665134,-0.534231,-0.469445,l>o>j>b>m>e>n>k>d>c>a>i>f>h>p>g,10.0,3.0,9.0,8.0,5.0,12.0,15.0,13.0,11.0,2.0,7.0,0.0,4.0,6.0,1.0,14.0
0.14393499999999998,3.095427,-0.099412,3.141219,3.62699,0.525566,0.970722,1.843636,2.973653,-0.465504,-0.691832,0.748973,0.392835,0.714238,1.216297,-0.724344,i>f>h>m>p>l>g>k>j>a>o>b>n>c>d>e,9.0,11.0,13.0,14.0,15.0,1.0,6.0,2.0,0.0,8.0,7.0,5.0,3.0,12.0,10.0,4.0
0.691453,1.162693,0.984713,1.302735,0.9681379999999999,0.898385,2.798349,1.302347,1.8488790000000002,1.6841669999999997,1.541708,0.08322,-0.96805,0.070988,0.23253600000000002,-0.8507899999999999,m>k>o>l>f>h>n>i>a>e>p>g>j>c>b>d,8.0,14.0,13.0,15.0,9.0,4.0,11.0,5.0,7.0,12.0,1.0,3.0,0.0,6.0,2.0,10.0
-0.40358299999999997,-0.536726,-0.45924899999999996,-0.63374,-0.5733729999999999,-0.5397460000000001,-1.0880459999999998,-1.273989,-1.0281280000000002,-1.123051,-0.995034,-0.755508,-0.23445,-0.847678,-0.61045,-0.726017,g>n>k>j>f>o>i>h>p>a>d>m>e>l>c>b,9.0,15.0,14.0,10.0,12.0,4.0,0.0,7.0,6.0,3.0,2.0,13.0,11.0,1.0,5.0,8.0
-0.586088,-0.669149,0.025147,-0.7401300000000001,-0.731941,-0.968092,-0.745416,-1.4456790000000002,-1.595226,-0.729246,0.058626,-1.286368,-1.474615,-1.333546,-1.05714,-1.172927,o>n>k>g>l>j>p>i>e>f>h>d>a>b>m>c,12.0,13.0,15.0,11.0,8.0,9.0,3.0,10.0,7.0,5.0,2.0,4.0,14.0,1.0,0.0,6.0
-0.038571,0.286184,-0.8583,0.178179,0.203612,-1.340118,-1.153944,-1.051836,-0.844101,-1.112212,-1.1651559999999999,-1.1175899999999999,-1.5123280000000001,-1.117147,-0.8615959999999999,-1.31476,p>f>i>n>h>m>l>g>k>j>o>d>a>b>e>c,12.0,13.0,15.0,11.0,14.0,1.0,7.0,4.0,2.0,9.0,8.0,6.0,5.0,3.0,10.0,0.0
-0.586088,-1.003357,0.188919,-0.952442,-1.017081,0.374852,1.964171,0.589087,-0.6073689999999999,1.644425,1.739269,-1.026262,1.584864,-0.982183,-0.803287,0.392596,a>e>b>k>d>n>o>l>g>j>c>m>p>i>h>f,0.0,2.0,10.0,4.0,1.0,15.0,8.0,14.0,13.0,9.0,3.0,7.0,11.0,5.0,6.0,12.0
0.14393499999999998,-1.5961040000000002,1.051606,-1.5693139999999999,-1.3922649999999999,0.049625999999999997,-0.14616099999999999,-0.67392,-1.212744,0.051139,0.9092370000000001,-0.6412680000000001,1.014433,-0.739707,-0.7466430000000001,0.769927,j>g>o>e>k>a>l>n>b>d>c>m>p>i>f>h,5.0,8.0,10.0,9.0,3.0,14.0,1.0,15.0,13.0,0.0,4.0,6.0,11.0,7.0,2.0,12.0
1.0564639999999998,-0.801571,0.209679,-0.6710699999999999,-0.842939,0.128949,1.10212,0.18875899999999998,0.058074,-0.693117,0.54567,-1.046916,-0.590353,-0.305537,-0.9390639999999999,0.429727,p>a>b>c>k>d>e>l>m>o>n>g>j>h>i>f,1.0,2.0,3.0,5.0,6.0,15.0,11.0,13.0,14.0,12.0,4.0,7.0,8.0,10.0,9.0,0.0
-0.586088,-1.145238,-0.0025329999999999997,-1.126958,-1.076544,1.366393,-0.317377,-0.251038,-0.6344569999999999,-0.34266599999999997,0.8269200000000001,0.04869,1.588654,0.29608,-0.428858,2.34281,j>c>d>g>b>e>a>o>n>m>l>k>p>h>i>f,6.0,4.0,1.0,2.0,5.0,15.0,3.0,13.0,14.0,0.0,11.0,10.0,9.0,8.0,7.0,12.0
-0.40358299999999997,0.560487,0.0436,0.593471,0.506591,-1.391678,0.0031550000000000003,-0.633042,-0.562024,-0.58473,-1.022473,-0.5431630000000001,-0.380374,-0.194821,-0.33473,-0.425624,k>h>f>i>a>g>p>o>n>m>l>e>j>c>b>d,4.0,14.0,13.0,15.0,11.0,2.0,5.0,1.0,3.0,12.0,0.0,10.0,9.0,8.0,7.0,6.0
1.968994,1.8563330000000002,1.00778,2.0586599999999997,2.027149,0.898385,1.3091709999999999,2.762699,2.2139889999999998,0.9796530000000001,-0.062105999999999995,-0.161718,0.542549,0.186737,0.267938,0.8465309999999999,p>b>m>l>c>h>a>i>f>e>j>g>k>d>n>o,6.0,1.0,4.0,13.0,9.0,8.0,11.0,5.0,7.0,10.0,12.0,3.0,2.0,14.0,15.0,0.0
-0.586088,-1.1326260000000001,0.33423800000000004,-1.0835620000000001,-1.0513430000000001,2.342069,0.680054,-0.007176999999999999,0.145818,1.16391,1.5732620000000002,-0.12654300000000002,1.243743,-0.160051,-0.365967,0.678271,j>g>n>k>o>m>e>l>a>d>h>c>f>i>b>p,8.0,14.0,11.0,9.0,6.0,12.0,1.0,10.0,13.0,0.0,3.0,7.0,5.0,2.0,4.0,15.0
-0.586088,-0.719595,-1.296563,-0.7466619999999999,-0.714952,-1.111667,-0.930966,-1.13909,-1.35496,-1.20976,-0.39549,-1.074347,-1.727613,-1.045319,-0.913241,-0.443018,o>n>j>k>d>e>l>a>p>i>f>h>b>m>c>g,7.0,12.0,14.0,4.0,5.0,10.0,15.0,11.0,9.0,2.0,3.0,6.0,13.0,1.0,0.0,8.0
-0.586088,0.620392,0.39882399999999996,0.7054600000000001,0.580212,-0.326366,0.403321,0.560895,0.547439,0.690621,-0.038782,0.087092,-0.6307189999999999,0.24484,0.117375,-0.5343399999999999,h>f>i>n>p>m>k>o>e>d>a>g>c>l>b>j,10.0,14.0,12.0,9.0,8.0,1.0,11.0,0.0,2.0,15.0,6.0,13.0,5.0,3.0,7.0,4.0
-0.40358299999999997,0.005574,0.751742,-0.013134999999999999,-0.059724,-0.172479,-0.5582729999999999,0.167614,-0.6135520000000001,-2.243048,-0.560125,-0.240137,0.745326,-0.225016,-0.244975,8.139927,b>e>c>a>d>g>i>h>f>p>j>l>o>k>m>n,3.0,0.0,2.0,4.0,1.0,8.0,5.0,7.0,6.0,10.0,13.0,11.0,14.0,15.0,12.0,9.0
-0.586088,-1.012816,0.348078,-1.022435,-1.014816,-0.646039,-0.239733,-0.631632,-0.653302,1.1061040000000002,0.217773,-0.5915699999999999,1.082657,-0.33161399999999996,-0.818281,1.3660299999999999,d>n>g>o>j>e>a>k>c>p>m>b>l>h>f>i,6.0,11.0,8.0,0.0,5.0,14.0,2.0,13.0,15.0,4.0,7.0,12.0,10.0,1.0,3.0,9.0
-0.221077,-1.116862,-1.238897,-1.11156,-1.10486,-0.013833000000000002,0.180343,-0.807692,-0.906523,0.640041,0.880426,-1.1221079999999999,-0.151064,-1.064076,-0.991334,-0.279776,o>p>n>k>e>a>l>j>b>d>c>m>g>i>f>h,5.0,8.0,10.0,9.0,4.0,14.0,12.0,15.0,13.0,7.0,3.0,6.0,11.0,2.0,0.0,1.0
-0.586088,0.7559670000000001,-0.17091800000000001,0.696128,0.738781,-0.709498,-0.239733,-0.41032399999999997,0.003013,0.5966859999999999,-0.951131,1.133646,-0.166225,1.019392,1.126751,0.002554,f>h>i>c>m>e>a>p>d>n>k>g>b>o>j>l,6.0,12.0,3.0,8.0,5.0,0.0,11.0,1.0,2.0,14.0,10.0,15.0,4.0,9.0,13.0,7.0
-0.586088,0.6708390000000001,2.345637,0.6168020000000001,0.71896,-1.473381,-0.5901270000000001,-0.589344,-0.601774,-1.8095,-1.318815,0.436266,0.089616,0.21189899999999998,0.824792,-0.42060600000000004,g>i>f>h>k>p>j>l>a>m>b>n>o>d>c>e,8.0,10.0,14.0,13.0,15.0,2.0,0.0,3.0,1.0,6.0,4.0,7.0,9.0,11.0,12.0,5.0
-0.40358299999999997,-0.33494,-0.34391700000000003,-0.251112,-0.394417,0.025829,0.32368600000000003,0.29025,-0.06765399999999999,0.18842899999999999,0.46472399999999997,-0.9946370000000001,-0.027882,-0.9062379999999999,-0.8593049999999999,-0.09311699999999999,l>n>j>o>g>m>b>k>e>d>c>a>h>f>i>p,11.0,6.0,10.0,9.0,8.0,13.0,4.0,12.0,14.0,2.0,7.0,0.0,5.0,1.0,3.0,15.0
4.34157,-1.4416120000000001,0.006693999999999999,-1.377533,-1.31921,0.477972,0.741771,0.18593900000000002,-0.5358189999999999,0.7014600000000001,1.3441459999999998,-0.961397,-0.387954,-0.915845,-0.940522,0.06243200000000001,o>j>l>k>e>m>a>b>n>p>g>c>d>i>h>f,6.0,7.0,11.0,12.0,4.0,15.0,10.0,14.0,13.0,1.0,3.0,2.0,5.0,8.0,0.0,9.0
0.326441,-0.11108299999999999,-0.742967,-0.064463,-0.209798,0.898385,0.28984099999999996,0.489005,0.653438,0.730363,0.069602,-0.9943139999999999,-1.12705,-0.963426,-0.797872,-0.422947,m>j>l>k>o>n>h>c>f>i>b>a>p>e>g>d,11.0,10.0,7.0,15.0,13.0,8.0,14.0,6.0,9.0,1.0,3.0,2.0,0.0,5.0,4.0,12.0
3.794053,0.979824,1.270738,0.9154399999999999,0.990791,-0.887182,-0.701617,-0.012815,-0.100337,-1.737243,-0.93604,-0.258209,-0.16054000000000002,-0.225016,-0.005907,-0.594218,p>g>f>i>h>l>b>o>m>k>e>a>c>d>j>n,11.0,6.0,12.0,13.0,10.0,2.0,1.0,4.0,3.0,14.0,9.0,5.0,8.0,15.0,7.0,0.0
-0.40358299999999997,1.8311099999999998,1.0769790000000001,1.8066849999999999,1.984675,-0.60955,0.508838,0.545389,1.08627,-0.071699,0.047651,1.46507,-0.587889,1.367094,1.780648,-0.123223,i>f>h>m>l>g>c>k>b>j>a>n>o>e>d>p,10.0,8.0,6.0,14.0,13.0,1.0,5.0,2.0,0.0,9.0,7.0,4.0,3.0,11.0,12.0,15.0
-0.586088,0.018186,3.916465,-0.064463,-0.13731,-0.369201,-0.25566,-0.205931,0.038346,-0.432988,-0.422929,-0.217547,-0.791425,-0.575006,-0.443435,-0.64774,g>m>f>k>h>i>a>c>o>j>p>n>e>l>b>d,6.0,14.0,7.0,15.0,12.0,2.0,0.0,4.0,5.0,9.0,3.0,13.0,1.0,11.0,8.0,10.0
-0.40358299999999997,0.629851,0.276572,0.668131,0.526412,-0.0059,0.261969,0.68494,0.060429,0.17759,-0.376283,-0.257241,1.001167,-0.10149,-0.205825,1.2757120000000002,h>f>d>j>c>a>g>i>e>b>n>k>m>l>p>o,5.0,9.0,4.0,2.0,8.0,1.0,6.0,0.0,7.0,3.0,11.0,13.0,12.0,10.0,15.0,14.0
-0.586088,-0.032260000000000004,-1.204297,-0.083128,-0.11579,-0.156614,-0.767316,-0.418782,-0.096509,-0.418537,-0.9072290000000001,-0.9510709999999999,-0.790098,-0.945126,-0.7635109999999999,-0.682195,m>j>n>f>i>h>o>c>l>d>k>g>b>e>p>a,15.0,12.0,7.0,9.0,13.0,3.0,11.0,5.0,4.0,1.0,10.0,8.0,0.0,2.0,6.0,14.0
0.691453,0.6456149999999999,-0.685301,0.546809,0.566054,0.057558000000000005,-0.474656,-0.259496,-0.026432,-0.552214,-0.860582,-0.026180000000000002,-1.211951,-0.21129099999999998,0.014709,-0.7183229999999999,p>f>i>h>m>j>n>l>o>k>c>b>d>e>a>g,14.0,11.0,10.0,12.0,13.0,1.0,15.0,3.0,2.0,5.0,9.0,7.0,4.0,6.0,8.0,0.0
-0.586088,-1.085333,-1.211217,-1.0896290000000002,-1.038318,0.54143,-0.293486,-0.8234790000000001,-1.0113450000000002,-0.075312,-0.197929,-0.5776939999999999,-0.8791690000000001,-0.77585,-0.719571,-0.148981,j>d>n>k>a>c>b>o>l>e>m>p>i>f>h>g,4.0,6.0,5.0,1.0,9.0,13.0,15.0,14.0,12.0,0.0,3.0,8.0,10.0,2.0,7.0,11.0
2.1515,0.677145,1.492176,0.8781100000000001,0.673654,-0.8070649999999999,1.267363,0.311394,0.812438,-0.129505,-0.05799,0.76995,-0.14158900000000002,1.3263770000000001,0.751905,-0.147308,p>h>k>g>f>a>i>e>o>m>c>l>b>d>n>j,5.0,12.0,10.0,13.0,7.0,4.0,3.0,1.0,6.0,15.0,2.0,11.0,9.0,14.0,8.0,0.0
-0.586088,-0.656537,-1.1604709999999998,-0.540416,-0.724296,2.437257,1.7073470000000002,1.247373,1.100992,1.6950049999999999,1.8133540000000001,0.178097,-0.406905,-0.09051000000000001,-0.225608,1.121836,e>j>o>c>m>a>k>b>n>l>d>h>f>i>p>g,5.0,7.0,3.0,10.0,0.0,12.0,15.0,11.0,13.0,1.0,6.0,9.0,4.0,8.0,2.0,14.0
-0.586088,-0.549338,0.207373,-0.21378200000000003,-0.5538350000000001,0.644551,3.359777,2.273566,1.498491,2.045456,2.510306,2.220215,2.236784,2.6815,1.42038,1.8611099999999998,c>b>a>m>e>l>k>o>j>d>g>h>n>f>i>p,2.0,1.0,0.0,9.0,4.0,13.0,10.0,11.0,14.0,8.0,6.0,5.0,3.0,12.0,7.0,15.0
-0.038571,-0.590326,2.597061,-0.517085,-0.634818,0.27966399999999997,0.42323,0.264877,-0.082965,0.585847,0.515487,-1.1685780000000001,0.008126000000000001,-1.0778020000000001,-0.9844620000000001,-0.485501,g>j>o>k>l>m>n>p>a>e>h>b>f>i>c>d,8.0,11.0,14.0,15.0,9.0,12.0,0.0,10.0,13.0,1.0,3.0,4.0,5.0,6.0,2.0,7.0
-0.40358299999999997,0.916766,1.097739,0.845447,0.903012,-0.220073,-0.673744,-0.062151,0.192045,-0.41492399999999996,-0.9634790000000001,-0.665794,-0.456178,-0.7648699999999999,-0.37388000000000005,-0.5865239999999999,g>f>h>i>j>n>m>l>k>o>p>d>a>b>e>c,12.0,13.0,15.0,11.0,14.0,1.0,0.0,2.0,3.0,4.0,8.0,7.0,6.0,5.0,9.0,10.0
-0.40358299999999997,-0.035413,-0.039439,-0.017800999999999997,-0.060291,-1.014099,-0.30543200000000004,-0.836448,-0.34560799999999997,0.647266,-1.11165,0.7447779999999999,0.680892,0.863384,0.42995500000000003,-0.026549,a>c>e>d>p>b>h>f>i>n>k>g>m>o>l>j,0.0,5.0,1.0,3.0,2.0,7.0,11.0,6.0,8.0,15.0,10.0,14.0,12.0,9.0,13.0,4.0
-0.586088,-0.565102,-0.673768,-0.689735,-0.596025,-1.933456,-1.721743,-1.610039,-1.717715,-1.379566,-1.1404610000000002,-1.207626,-0.520991,-1.24662,-1.001955,-1.328141,g>p>i>f>n>h>o>d>k>l>a>b>e>j>c>m,10.0,11.0,14.0,7.0,12.0,3.0,0.0,5.0,2.0,13.0,8.0,9.0,15.0,4.0,6.0,1.0
0.508947,-0.066942,-0.05327899999999999,-0.148455,-0.115506,-0.43741899999999995,-1.049025,-0.926099,-0.634163,-0.22344099999999997,-0.9525030000000001,-0.592861,-1.0146700000000002,-0.658729,-0.517988,-0.7705069999999999,p>j>m>f>i>h>n>g>l>k>o>d>c>b>a>e,14.0,13.0,12.0,11.0,15.0,3.0,7.0,5.0,4.0,1.0,9.0,8.0,2.0,6.0,10.0,0.0
-0.221077,1.049188,2.034239,0.9761,1.273949,-0.6412800000000001,-0.564246,-0.276411,-0.010237000000000001,-0.577504,-0.8235399999999999,1.832961,0.650571,1.596761,2.6948540000000003,-0.751105,i>g>f>h>p>j>m>o>n>l>k>d>e>b>a>c,14.0,13.0,15.0,11.0,12.0,2.0,1.0,3.0,0.0,5.0,10.0,9.0,6.0,8.0,7.0,4.0
1.421476,1.3707850000000001,-0.30239699999999997,1.51738,1.477822,-0.6952189999999999,1.064293,0.890742,0.6475489999999999,-0.750923,-0.110124,1.8168259999999998,0.14836400000000002,2.1082490000000003,1.8014729999999999,-0.371098,h>f>i>b>a>l>k>e>m>c>o>d>p>g>n>j,4.0,3.0,9.0,11.0,7.0,1.0,13.0,0.0,2.0,15.0,6.0,5.0,8.0,14.0,10.0,12.0
-0.586088,0.166373,0.502624,0.019528,0.08440299999999999,-1.128325,-1.4408299999999998,-1.400008,-1.1591559999999999,-1.412082,-1.04854,-0.589957,0.301869,-0.683434,-0.5098659999999999,-0.45238500000000004,g>f>i>h>o>j>e>d>p>n>a>k>b>c>l>m,10.0,12.0,13.0,7.0,6.0,1.0,0.0,3.0,2.0,5.0,11.0,14.0,15.0,9.0,4.0,8.0
-0.586088,0.554181,0.991633,0.5328109999999999,0.478275,-0.061426,0.052926999999999995,0.50451,0.289506,-0.09698899999999999,-0.07445299999999999,0.10355,-0.516822,0.028441,-0.013404,0.199248,j>g>l>h>f>i>o>m>k>n>b>e>a>c>d>p,12.0,10.0,13.0,14.0,11.0,4.0,1.0,3.0,5.0,0.0,8.0,2.0,7.0,9.0,6.0,15.0
2.1515,0.727591,-0.74758,0.686796,0.631181,-0.077291,-0.148152,0.187349,0.51505,-0.12228,-0.56424,-0.5447770000000001,-0.425856,-0.504093,-0.36846599999999996,-0.602247,n>h>p>f>i>m>d>k>l>g>j>o>a>b>e>c,12.0,13.0,15.0,6.0,14.0,3.0,9.0,1.0,4.0,10.0,7.0,8.0,5.0,0.0,11.0,2.0
-0.586088,-0.366469,-0.814473,-0.279109,-0.46435699999999996,0.30346100000000004,0.747743,0.54257,0.10930699999999999,-0.190925,0.562133,-1.022067,-0.6754439999999999,-0.821142,-0.8788809999999999,-0.747091,o>k>l>a>e>b>m>j>h>c>f>n>i>d>g>p,3.0,5.0,9.0,13.0,4.0,10.0,14.0,8.0,12.0,7.0,1.0,2.0,6.0,11.0,0.0,15.0
2.699017,-1.778973,-0.959792,-1.856286,-1.523367,-0.245456,-1.6624150000000002,-1.8248630000000001,-1.5210270000000001,-1.119438,0.017468,0.132272,1.575388,-0.055282000000000005,-0.441144,-0.401539,p>c>d>e>o>g>a>b>j>i>n>k>f>h>l>m,6.0,7.0,1.0,2.0,3.0,12.0,5.0,13.0,9.0,8.0,11.0,14.0,15.0,10.0,4.0,0.0
-0.586088,0.6708390000000001,-0.7844869999999999,0.686796,0.70197,0.969776,0.429203,0.8935620000000001,0.570994,-0.494408,0.381035,1.636107,-0.21360300000000002,1.362519,1.305844,-0.247662,f>i>h>l>b>m>e>o>c>k>j>a>d>n>p>g,11.0,4.0,8.0,12.0,6.0,0.0,15.0,2.0,1.0,10.0,9.0,3.0,5.0,13.0,7.0,14.0
1.421476,0.847402,0.359611,0.9294379999999999,0.786917,0.414513,0.819415,1.014788,1.2128809999999999,1.156684,1.639116,1.51025,0.8893549999999999,1.621924,1.260029,0.39058899999999996,b>p>e>a>c>d>h>f>i>l>m>o>n>g>k>j,3.0,0.0,4.0,5.0,2.0,7.0,13.0,6.0,8.0,15.0,14.0,9.0,10.0,12.0,11.0,1.0
-0.586088,0.257807,-0.791407,0.182845,0.16397,-0.421554,-0.616009,-0.610488,-0.21516999999999997,-0.44021400000000005,-0.837259,-0.6451399999999999,-1.370952,-0.78317,-0.445518,-0.660786,f>i>h>m>j>l>o>p>k>n>c>e>b>d>a>g,14.0,12.0,10.0,13.0,11.0,0.0,15.0,2.0,1.0,4.0,8.0,5.0,3.0,9.0,6.0,7.0
-0.40358299999999997,0.8694719999999999,-0.6091810000000001,0.761455,0.8633700000000001,-1.790674,-1.134832,-0.575248,-0.281125,-0.003054,-1.616529,-0.037152,-1.113216,-0.178808,0.094885,-0.756123,f>i>h>d>p>n>c>b>m>a>l>g>e>k>o>j,9.0,7.0,6.0,3.0,12.0,0.0,11.0,2.0,1.0,15.0,13.0,10.0,8.0,5.0,14.0,4.0
-0.221077,0.926225,-0.182451,0.985433,0.8350540000000001,1.128423,0.893078,1.412296,1.872434,2.31281,0.542926,-0.109116,-0.47513,-0.112928,-0.025691000000000002,-0.43867,n>m>h>f>i>d>j>l>o>k>g>c>e>a>b>p,13.0,14.0,11.0,5.0,12.0,3.0,10.0,2.0,4.0,6.0,9.0,7.0,1.0,0.0,8.0,15.0
-0.221077,-0.35701,-0.366983,-0.367767,-0.44000500000000003,1.12049,-0.213851,-0.11994500000000001,-0.056759000000000004,0.069204,0.0037479999999999996,-0.537355,-0.07905,-0.452395,-0.539021,-0.033239,j>g>n>p>c>h>b>f>o>k>l>m>i>d>a>e,14.0,6.0,4.0,13.0,15.0,7.0,1.0,5.0,12.0,0.0,9.0,10.0,11.0,2.0,8.0,3.0
-0.586088,-0.10793,-0.30009,-0.139123,-0.142973,0.723874,-0.737452,-0.077657,0.369006,-0.729246,-0.27887399999999996,0.684431,1.620871,0.831358,0.351446,-0.114192,g>c>b>h>m>j>f>i>e>d>l>o>p>a>n>k,13.0,2.0,1.0,9.0,8.0,6.0,0.0,3.0,7.0,5.0,15.0,10.0,4.0,14.0,11.0,12.0
-0.586088,0.431217,-0.200904,0.378826,0.348023,-0.921291,-0.048608,-0.70916,-0.762835,0.087268,-0.262411,0.12323599999999998,0.485695,0.050401,0.373936,0.251432,f>i>h>k>g>n>m>c>a>o>j>e>l>d>b>p,8.0,14.0,7.0,13.0,11.0,0.0,4.0,2.0,1.0,10.0,3.0,12.0,6.0,5.0,9.0,15.0
0.14393499999999998,1.9256970000000002,0.45418400000000003,1.881344,2.202706,0.327258,-0.285523,1.050028,1.5956569999999999,-0.476343,-1.054028,1.306942,-0.661799,1.007955,1.953493,-0.168717,i>f>h>m>j>p>l>g>b>c>e>k>d>o>a>n,14.0,8.0,9.0,12.0,10.0,1.0,7.0,2.0,0.0,4.0,11.0,6.0,3.0,15.0,13.0,5.0
1.786488,0.718132,-0.143238,0.7054600000000001,0.636844,-0.38109899999999997,-0.174034,0.422753,0.691716,0.553331,-0.7672899999999999,0.059984,1.914614,0.41823299999999997,-0.054845000000000005,-0.68253,d>n>m>g>h>c>f>i>l>a>b>k>e>o>p>j,9.0,10.0,5.0,0.0,12.0,6.0,3.0,4.0,7.0,15.0,11.0,8.0,2.0,1.0,13.0,14.0
-0.586088,-0.520962,-0.710674,-0.35843400000000003,-0.596025,1.707483,1.866618,1.904249,1.100992,1.611909,1.822958,-0.269827,0.095301,-0.357692,-0.397204,0.8472,d>b>a>e>l>c>n>k>m>o>j>p>h>i>f>g,2.0,1.0,5.0,0.0,3.0,14.0,15.0,12.0,13.0,10.0,7.0,4.0,8.0,6.0,9.0,11.0
-0.586088,2.625644,-1.116644,2.772589,2.947412,0.961844,1.864627,2.5442099999999996,3.076708,0.098107,-0.210277,1.261117,-0.801279,1.355657,1.724421,-0.14296,i>h>f>m>k>l>p>n>a>j>d>b>c>o>e>g,8.0,11.0,12.0,10.0,14.0,2.0,15.0,1.0,0.0,9.0,4.0,5.0,3.0,7.0,13.0,6.0
-0.586088,-0.7322069999999999,0.793262,-0.7830590000000001,-0.714952,-0.029697,-0.8949309999999999,-0.462479,-0.6265069999999999,-1.018277,0.260303,0.15938,0.440212,-0.038812,-0.144183,1.245606,j>g>e>c>b>o>d>p>l>a>m>f>i>h>n>k,9.0,4.0,3.0,6.0,2.0,11.0,1.0,13.0,12.0,0.0,15.0,8.0,10.0,14.0,5.0,7.0
-0.586088,0.9577540000000001,-0.120172,0.887442,0.91717,-0.8943209999999999,-0.588137,-0.8220700000000001,-0.263753,-1.123051,-0.984058,-0.083622,-0.676391,-0.018682,0.044697,-0.19681600000000002,f>h>i>m>c>j>g>d>a>k>b>n>l>p>e>o,8.0,10.0,4.0,7.0,14.0,0.0,6.0,1.0,2.0,5.0,9.0,12.0,3.0,11.0,15.0,13.0
-0.221077,0.882084,1.044686,0.882776,0.750107,-0.29543,0.48295699999999997,0.109821,1.168714,-0.19453800000000002,-0.348844,1.2007700000000001,1.171728,1.312651,0.693596,0.5494829999999999,c>d>a>b>m>f>h>g>i>e>n>k>p>l>o>j,2.0,3.0,0.0,1.0,9.0,5.0,7.0,6.0,8.0,15.0,11.0,13.0,4.0,10.0,14.0,12.0
-0.40358299999999997,1.452761,-0.09249199999999999,1.512714,1.452338,0.27966399999999997,1.050357,1.247373,1.8636009999999998,-0.378795,-0.18420899999999998,1.303715,-1.087442,1.51075,1.247534,-0.942781,h>f>m>i>l>k>p>c>e>a>o>b>d>n>j>g,9.0,11.0,7.0,12.0,8.0,1.0,15.0,0.0,3.0,14.0,5.0,4.0,2.0,13.0,10.0,6.0
-0.586088,1.020812,-1.142017,0.934104,1.036096,-0.659524,-0.697635,-0.050874,0.076624,-1.292857,-1.092442,0.031263,-1.1677950000000001,-0.063975,0.140074,-0.19581300000000001,f>i>h>m>p>j>l>k>c>b>a>n>d>o>g>e,10.0,9.0,8.0,12.0,15.0,0.0,14.0,2.0,1.0,5.0,7.0,6.0,3.0,11.0,13.0,4.0
-0.586088,-1.993371,-0.800633,-1.935611,-1.720162,1.4933100000000001,1.448533,0.177482,-0.6812739999999999,0.965201,2.299026,-1.267005,-0.467549,-1.161982,-1.17251,0.203596,k>j>o>l>m>n>a>g>b>e>c>d>p>i>h>f,6.0,8.0,10.0,11.0,9.0,15.0,7.0,14.0,13.0,1.0,0.0,3.0,4.0,5.0,2.0,12.0
-0.586088,-0.8835459999999999,0.22813200000000003,-0.9711069999999999,-0.8619100000000001,-1.265554,-1.518673,-1.020683,-1.003984,-1.090535,-1.177504,-0.6077060000000001,0.6695220000000001,-0.615266,-0.776423,0.507,g>c>p>d>b>j>e>a>m>l>n>o>i>f>k>h,7.0,4.0,1.0,3.0,6.0,13.0,0.0,15.0,12.0,5.0,14.0,9.0,8.0,10.0,11.0,2.0
1.786488,0.677145,0.209679,0.658798,0.580212,-0.14075,-0.215842,0.412886,0.450272,0.21733200000000003,-0.535429,0.021582,2.9607189999999997,0.514309,-0.004033,1.4864549999999999,c>b>e>d>p>a>m>h>g>f>i>l>o>k>j>n,5.0,1.0,0.0,3.0,2.0,9.0,8.0,7.0,10.0,14.0,13.0,11.0,6.0,15.0,12.0,4.0
2.334006,1.3266440000000002,-0.004839,1.38206,1.23997,1.104626,1.315144,1.75765,2.043211,0.842363,0.455121,0.065148,-0.668621,-0.046132,0.22274899999999997,-0.528988,l>m>k>f>i>h>n>o>a>b>j>p>e>d>g>c,8.0,9.0,15.0,13.0,12.0,3.0,14.0,5.0,4.0,10.0,2.0,0.0,1.0,6.0,7.0,11.0
-0.038571,0.18529,-0.37851599999999996,0.14085,0.064016,0.065491,-0.243714,-0.510406,0.042174,0.228171,-0.281618,-0.485075,-0.758829,-0.548013,-0.42656700000000003,0.14539100000000002,m>j>p>k>f>c>h>i>a>n>o>e>l>d>b>g,8.0,14.0,5.0,13.0,11.0,4.0,15.0,6.0,7.0,1.0,3.0,12.0,0.0,9.0,10.0,2.0
1.786488,-0.716442,1.732068,-0.843253,-0.7067399999999999,-1.552704,-1.9230209999999999,-1.542801,-1.7495150000000002,-0.277634,-1.344882,-0.438605,0.6695220000000001,-0.556248,-0.518821,0.011585999999999999,d>g>p>n>b>i>f>a>h>c>e>j>o>k>l>m,7.0,4.0,9.0,0.0,10.0,6.0,1.0,8.0,5.0,11.0,13.0,14.0,15.0,3.0,12.0,2.0
-0.586088,-0.599784,-0.28163699999999997,-0.554415,-0.47002,0.7318060000000001,0.28785,-0.057922,-0.058820000000000004,0.56417,0.809085,2.47193,-0.11505699999999999,2.363078,2.21172,0.468865,c>e>m>o>i>h>f>a>j>k>b>d>l>n>g>p,7.0,10.0,0.0,11.0,1.0,6.0,14.0,5.0,4.0,8.0,9.0,12.0,2.0,13.0,3.0,15.0
-0.40358299999999997,-0.035413,-0.200904,-0.097127,-0.086341,-0.188344,-0.602073,-0.6288130000000001,-0.089443,-0.649762,-0.620491,0.970354,0.059294000000000006,0.9695239999999999,0.726916,-0.39719,f>h>i>c>b>e>m>d>a>g>j>l>p>o>k>n,8.0,4.0,3.0,7.0,5.0,0.0,9.0,1.0,2.0,10.0,14.0,11.0,6.0,15.0,13.0,12.0
4.34157,0.8757780000000001,-0.636861,0.887442,0.795412,0.8349270000000001,0.124598,0.803347,1.1510479999999998,-0.740084,-0.303569,-0.551554,-0.516822,-0.572261,-0.370757,0.7662479999999999,j>m>p>c>b>l>d>f>h>i>e>a>n>k>o>g,11.0,4.0,3.0,6.0,10.0,7.0,15.0,8.0,9.0,0.0,13.0,5.0,1.0,12.0,14.0,2.0
-0.586088,0.446982,-0.07634500000000001,0.416156,0.398991,-0.077291,-0.07449,0.043569,0.018618,0.051139,-0.195185,0.694113,1.245638,0.10713099999999999,0.6998439999999999,0.427386,b>c>a>f>i>d>e>h>g>k>m>j>l>n>o>p,2.0,0.0,1.0,5.0,6.0,3.0,8.0,7.0,4.0,11.0,9.0,12.0,10.0,13.0,14.0,15.0
0.14393499999999998,-1.079027,-0.618408,-1.1040940000000001,-1.046529,0.255867,-0.584155,-0.6161260000000001,-0.653007,-0.938793,0.37006,-1.2366700000000002,-0.607219,-1.21551,-1.071301,-0.495871,j>o>p>g>m>k>n>l>e>a>d>i>b>h>f>c,9.0,12.0,15.0,10.0,8.0,14.0,3.0,13.0,11.0,0.0,5.0,7.0,4.0,6.0,1.0,2.0
-0.586088,-0.041719,0.719449,-0.111125,-0.11409100000000001,-1.543979,-0.6319359999999999,-0.5061770000000001,-0.8670680000000001,-1.668598,-1.189851,-0.30338899999999996,0.7680680000000001,-0.44644700000000004,-0.248099,0.439094,p>g>a>c>b>l>k>j>m>e>f>i>h>d>o>n,2.0,4.0,3.0,13.0,9.0,10.0,1.0,12.0,11.0,7.0,6.0,5.0,8.0,15.0,14.0,0.0
-0.586088,0.197902,-1.25735,0.126851,0.059202,-1.055347,-0.387058,-0.666872,-0.714546,-0.754536,-0.678113,-0.9856010000000001,-1.2945790000000001,-1.069566,-0.718947,-0.896284,l>p>f>i>h>o>n>b>m>k>d>j>e>a>c>g,13.0,7.0,14.0,10.0,12.0,2.0,15.0,4.0,3.0,11.0,9.0,0.0,8.0,6.0,5.0,1.0
0.691453,0.10962100000000001,1.321484,0.11751900000000001,0.035417000000000004,-0.222453,-0.223806,0.190168,-0.114176,-0.779826,-0.49152700000000005,-0.691611,-0.372793,-0.634024,-0.5486,-0.696579,g>l>m>h>f>k>i>o>j>b>n>a>p>c>e>d,11.0,9.0,13.0,15.0,14.0,4.0,0.0,3.0,6.0,8.0,5.0,1.0,2.0,10.0,7.0,12.0
-0.586088,1.165846,-0.41081000000000006,1.0880889999999999,1.174844,-0.470735,-0.500538,0.012558,0.844827,-1.354276,-0.8427469999999999,0.194555,0.16542,0.129549,0.24149099999999998,-0.444691,f>m>i>h>g>l>p>c>j>k>b>a>o>e>d>n,11.0,10.0,7.0,14.0,13.0,0.0,4.0,3.0,2.0,8.0,9.0,5.0,1.0,15.0,12.0,6.0
0.691453,0.689756,0.6225689999999999,0.602804,0.6283489999999999,0.033761,-0.874624,0.129555,0.11254600000000001,-0.960471,-1.211802,-0.44086400000000003,0.191952,-0.614351,-0.29391300000000004,1.707234,j>b>g>f>i>h>c>l>d>p>a>m>k>e>n>o,10.0,1.0,6.0,8.0,13.0,3.0,2.0,5.0,4.0,0.0,12.0,7.0,11.0,14.0,15.0,9.0
-0.586088,0.062327,0.23735900000000001,0.19684400000000002,0.032302,-0.784062,1.149901,0.8075760000000001,0.394328,-0.841245,1.5019209999999998,1.04845,0.36251300000000003,0.705545,0.720668,-0.010158,e>a>o>c>b>k>m>l>f>h>i>g>d>p>j>n,1.0,4.0,3.0,12.0,0.0,8.0,11.0,9.0,10.0,14.0,5.0,7.0,6.0,15.0,2.0,13.0
-0.586088,-0.363316,-0.643781,-0.232447,-0.43405900000000003,-0.013833000000000002,0.9289129999999999,0.948536,0.151118,0.802621,0.416706,-0.933644,-0.545817,-0.543896,-0.7741319999999999,0.803044,b>a>c>e>l>d>k>n>o>m>j>h>i>f>p>g,1.0,0.0,2.0,5.0,3.0,13.0,15.0,11.0,12.0,10.0,6.0,4.0,9.0,7.0,8.0,14.0
1.0564639999999998,0.642463,-0.80294,0.6214689999999999,0.560391,0.485904,0.042972,0.976728,0.959659,-0.38240799999999997,-0.21850799999999998,-0.122993,0.25449099999999997,-0.287236,-0.053179,-0.5045689999999999,p>l>f>m>i>h>j>b>n>k>g>o>a>d>e>c,12.0,7.0,15.0,13.0,14.0,2.0,10.0,5.0,4.0,6.0,9.0,1.0,3.0,8.0,11.0,0.0
-0.586088,-0.224588,-0.48462200000000005,-0.35843400000000003,-0.31569899999999995,-2.205535,-1.423908,-1.688977,-1.876714,-0.299311,-1.302351,-1.151152,-1.337598,-1.136362,-0.98592,-1.3813280000000001,n>d>p>f>k>h>i>g>o>a>l>e>b>c>j>m,9.0,12.0,13.0,1.0,11.0,3.0,7.0,5.0,6.0,14.0,4.0,10.0,15.0,0.0,8.0,2.0
-0.221077,0.19159600000000002,-0.40158299999999997,0.168847,0.107339,-0.212141,-0.27357800000000004,-0.554104,-0.270525,0.6761699999999999,-0.27064299999999997,0.486609,0.027076999999999997,0.500584,0.404965,0.40162800000000004,d>p>c>f>h>i>n>e>b>a>j>m>g>o>k>l,9.0,8.0,2.0,0.0,7.0,3.0,12.0,4.0,5.0,10.0,14.0,15.0,11.0,6.0,13.0,1.0
-0.586088,0.342936,-1.1028040000000001,0.304167,0.280065,-0.124885,-0.217833,-0.10162,0.14787899999999998,-0.349892,0.579968,0.607626,-0.433437,0.270917,0.5305380000000001,0.393934,e>f>i>h>o>b>c>p>a>j>m>k>d>l>n>g,8.0,5.0,6.0,12.0,0.0,1.0,15.0,3.0,2.0,9.0,11.0,13.0,10.0,14.0,4.0,7.0
3.064029,1.005047,-0.244731,1.074091,0.9936229999999999,0.454175,0.43318500000000004,0.880875,0.7447159999999999,-0.292086,-0.07170900000000001,-0.043929,-0.109372,-0.024172,0.099883,-0.043608999999999995,p>h>m>f>i>l>j>g>b>k>o>c>e>a>d>n,13.0,8.0,11.0,14.0,12.0,3.0,7.0,1.0,4.0,6.0,9.0,5.0,2.0,15.0,10.0,0.0
-0.586088,-1.129474,0.50493,-1.047633,-1.0567229999999999,1.064964,0.506847,-0.290507,-0.565852,1.25062,1.3208229999999999,-0.41601499999999997,0.48190500000000003,-0.587816,-0.650641,0.964614,j>e>o>n>g>a>d>k>c>b>l>m>p>i>f>h,5.0,9.0,8.0,6.0,1.0,14.0,4.0,15.0,13.0,0.0,7.0,10.0,11.0,3.0,2.0,12.0
0.14393499999999998,2.1558599999999997,-0.821393,2.091323,2.763359,-1.062486,-0.578182,0.23104699999999997,0.597494,-1.220599,-1.5081440000000002,3.633692,-0.7963520000000001,3.3403050000000003,5.116773,-0.55508,i>f>h>p>m>c>d>l>b>e>a>g>k>n>j>o,10.0,8.0,5.0,6.0,9.0,1.0,11.0,2.0,0.0,14.0,12.0,7.0,4.0,13.0,15.0,3.0
-0.40358299999999997,-0.612396,0.380371,-0.512419,-0.673327,1.231543,0.883123,0.658157,-0.047337,-0.44021400000000005,1.109542,-0.874265,1.302491,-0.604743,-0.7866270000000001,0.917113,j>e>a>g>c>b>l>m>k>o>d>p>n>h>i>f,2.0,5.0,4.0,10.0,1.0,15.0,3.0,13.0,14.0,0.0,8.0,6.0,7.0,12.0,9.0,11.0
0.873959,-0.741665,-0.745274,-0.817589,-0.756576,-0.8427610000000001,-1.128262,-1.148112,-1.279583,-1.328986,-0.492899,-0.703551,-0.143484,-0.745197,-0.662303,-0.616965,p>g>b>i>f>a>l>j>h>k>d>o>c>e>n>m,5.0,2.0,12.0,10.0,13.0,4.0,1.0,8.0,3.0,7.0,9.0,6.0,15.0,14.0,11.0,0.0
-0.40358299999999997,0.286184,-0.39697,0.28083600000000003,0.23476,0.319325,-0.355204,0.008329000000000001,0.22679000000000002,-0.248731,-0.45722799999999997,-0.190762,-0.665589,-0.476185,-0.061092999999999995,-0.207521,j>f>i>h>n>l>d>b>o>m>g>e>k>a>c>p,13.0,7.0,14.0,6.0,11.0,1.0,10.0,3.0,2.0,0.0,12.0,5.0,9.0,4.0,8.0,15.0
0.14393499999999998,0.7843439999999999,-0.470782,0.7334579999999999,0.693475,0.073423,-0.231769,-0.214389,0.22090100000000001,-0.458279,-0.11835599999999999,-0.310166,-0.758071,-0.27671399999999996,-0.22061,-0.571137,p>h>f>i>o>l>j>k>e>m>a>b>c>g>n>d,10.0,11.0,12.0,15.0,8.0,2.0,13.0,1.0,3.0,6.0,7.0,5.0,9.0,14.0,4.0,0.0
-0.40358299999999997,2.278823,-0.161691,2.366629,2.468875,0.017897,1.352971,1.0528469999999999,1.775268,0.22455799999999998,0.63759,1.250467,-0.707471,1.276966,1.449535,-0.604588,h>i>f>m>e>k>o>l>c>a>n>d>b>j>g>p,9.0,12.0,8.0,11.0,4.0,2.0,14.0,0.0,1.0,13.0,5.0,7.0,3.0,10.0,6.0,15.0
-0.40358299999999997,0.33032399999999995,2.096518,0.28083600000000003,0.23192800000000002,-0.308122,-0.633927,-0.406095,-0.349731,-0.266795,-0.934668,-0.745826,1.723207,-0.6116060000000001,-0.559012,-0.280779,g>b>c>h>f>i>e>a>d>l>p>m>n>o>j>k,7.0,1.0,2.0,8.0,6.0,4.0,0.0,3.0,5.0,14.0,15.0,9.0,11.0,12.0,13.0,10.0
-0.586088,-0.688066,1.9189060000000002,-0.531084,-0.714102,0.160679,1.315144,1.391152,0.22031199999999998,0.7195239999999999,1.204207,-1.109522,-0.130218,-0.867808,-0.992167,-0.726351,l>k>o>g>b>m>n>e>a>c>d>j>p>h>f>i,8.0,4.0,9.0,10.0,7.0,14.0,3.0,13.0,15.0,11.0,1.0,0.0,5.0,6.0,2.0,12.0
-0.586088,1.109093,0.643329,1.316733,1.070075,0.565227,1.611785,2.270746,1.784101,0.795395,0.829664,1.155913,-0.469444,2.0583810000000002,1.010132,-0.13292400000000001,c>b>m>h>l>e>f>i>a>o>k>d>g>j>n>p,8.0,1.0,0.0,11.0,5.0,6.0,12.0,3.0,7.0,13.0,10.0,4.0,2.0,14.0,9.0,15.0
-0.586088,1.3108799999999998,0.020534,1.270071,1.4438440000000001,0.652483,-0.532392,1.234686,1.533824,-0.732858,-0.893509,1.8458700000000001,-0.033567,1.561991,1.8410400000000002,1.172013,c>i>f>m>h>b>e>j>a>l>g>p>o>k>d>n,8.0,5.0,0.0,14.0,6.0,2.0,10.0,4.0,1.0,7.0,13.0,9.0,3.0,15.0,12.0,11.0
-0.586088,0.8600129999999999,1.372231,0.766121,0.8265600000000001,-0.394584,-0.7812520000000001,-0.17351,0.326901,-0.6389229999999999,-1.016985,0.521139,2.2538400000000003,0.431958,0.598635,-0.343668,g>f>i>h>c>b>d>m>a>l>e>n>p>k>o>j,8.0,5.0,4.0,6.0,10.0,1.0,0.0,3.0,2.0,15.0,13.0,9.0,7.0,11.0,14.0,12.0
-0.40358299999999997,-0.25296399999999997,1.333017,-0.30244,-0.314283,-1.445618,-0.8031510000000001,-0.899316,-0.994856,-1.224212,-0.85921,-0.476362,-0.376583,-0.38148200000000004,-0.45280600000000004,-0.29884299999999997,g>a>p>b>c>e>k>h>i>f>l>o>d>m>n>j,1.0,3.0,4.0,12.0,5.0,9.0,0.0,7.0,8.0,15.0,6.0,10.0,13.0,14.0,11.0,2.0
-0.40358299999999997,-1.116862,0.352691,-1.1750200000000002,-1.057006,0.311393,-1.183808,-1.122034,-0.8991620000000001,-1.791436,-1.084211,0.032876999999999997,1.85018,0.034388,-0.39887,2.4766150000000002,c>d>j>g>b>p>a>e>i>f>h>n>o>k>m>l,6.0,4.0,0.0,1.0,7.0,9.0,3.0,10.0,8.0,2.0,13.0,15.0,14.0,11.0,12.0,5.0
-0.221077,0.223125,0.8924469999999999,0.182845,0.003137,-0.325573,0.5765279999999999,0.865369,0.305406,0.48468599999999995,-0.110124,-0.060064,0.21279800000000001,-0.088223,-0.45947,0.335729,b>l>m>c>n>a>k>g>d>f>h>o>j>e>p>i,5.0,0.0,3.0,8.0,13.0,9.0,7.0,10.0,15.0,12.0,6.0,1.0,2.0,4.0,11.0,14.0
-0.586088,1.427537,1.9235200000000001,1.489383,1.466496,-1.2679340000000001,0.590464,0.690578,0.41788400000000003,-0.47995600000000005,-0.7672899999999999,0.904198,-0.230659,1.2174909999999999,0.947658,0.289232,c>a>h>f>i>b>d>g>p>e>k>m>l>n>o>j,1.0,5.0,0.0,6.0,9.0,3.0,7.0,2.0,4.0,15.0,10.0,12.0,11.0,13.0,14.0,8.0
1.0564639999999998,0.040257,0.687156,-0.036466000000000005,-0.007056999999999999,-0.792787,-1.013189,-0.645728,-0.571152,-1.823952,-0.975826,-0.46893999999999997,0.08392999999999999,-0.561281,-0.375338,-0.754785,p>g>f>i>h>j>k>o>m>l>a>n>d>b>e>c,10.0,13.0,15.0,12.0,14.0,2.0,1.0,4.0,3.0,5.0,6.0,9.0,8.0,11.0,7.0,0.0
0.14393499999999998,0.223125,2.004252,0.047526,0.043345,-1.310768,-1.000249,-1.327413,-0.907701,-1.177244,-1.106162,-0.5822109999999999,-0.185176,-0.9469559999999999,-0.713949,-0.690224,g>f>p>i>h>d>c>n>a>k>o>b>e>m>j>l,8.0,11.0,6.0,5.0,12.0,1.0,0.0,4.0,3.0,14.0,9.0,15.0,13.0,7.0,10.0,2.0
-0.586088,2.171624,0.7332890000000001,2.19398,2.1120959999999998,-0.716637,1.7073470000000002,1.605412,1.474936,1.366232,0.046279,-0.174304,-1.0773979999999999,-0.185671,0.120499,-0.9253870000000001,h>f>i>n>l>m>d>b>k>g>a>o>c>e>p>j,10.0,7.0,12.0,6.0,13.0,1.0,9.0,0.0,2.0,15.0,8.0,4.0,5.0,3.0,11.0,14.0
-0.221077,-0.5682550000000001,1.03546,-0.696734,-0.592061,-1.89776,-1.7966,-1.670793,-1.7091759999999998,-1.260341,-1.206315,-0.8868510000000001,-0.66142,-0.918133,-0.768926,-0.7654890000000001,g>d>p>n>i>f>h>o>c>a>e>b>j>k>l>m,9.0,11.0,8.0,1.0,10.0,5.0,0.0,6.0,4.0,12.0,13.0,14.0,15.0,3.0,7.0,2.0
-0.586088,-0.5115029999999999,-1.199684,-0.587078,-0.566577,-0.483426,-1.042057,-1.178841,-1.238361,-0.140344,-0.801588,-1.2847540000000002,-1.26691,-1.420929,-1.0465200000000001,-0.684537,n>j>d>k>o>i>l>f>a>h>e>b>p>m>c>g,8.0,11.0,14.0,2.0,10.0,7.0,15.0,9.0,5.0,1.0,3.0,6.0,13.0,0.0,4.0,12.0
-0.586088,0.592016,-0.32777,0.47215,0.44712799999999997,-0.987129,-0.45673800000000003,-1.296261,0.055718,0.1523,-1.176132,2.397707,1.137616,2.2340619999999998,2.032627,-1.307066,c>d>e>p>f>i>h>b>a>g>k>n>m>o>l>j,8.0,7.0,0.0,1.0,2.0,4.0,9.0,6.0,5.0,15.0,10.0,14.0,12.0,11.0,13.0,3.0
0.14393499999999998,-0.549338,0.509544,-0.5964109999999999,-0.560631,-1.103734,-1.1015840000000001,-0.866613,-1.294011,0.23901,-0.889393,-0.330497,1.0428600000000001,-0.11247,-0.36846599999999996,-0.546048,g>b>d>n>c>p>a>l>h>i>f>k>e>m>o>j,6.0,1.0,4.0,2.0,12.0,10.0,0.0,8.0,9.0,15.0,11.0,7.0,13.0,3.0,14.0,5.0
-0.586088,1.588336,1.180779,1.6713650000000002,1.514633,1.453648,1.30519,2.841637,2.867653,2.15023,-0.58482,1.545748,4.224762999999999,1.329122,1.116339,0.660542,b>c>d>m>h>f>i>g>l>a>e>j>n>k>p>o,9.0,0.0,1.0,2.0,10.0,5.0,7.0,4.0,6.0,11.0,13.0,8.0,3.0,12.0,15.0,14.0
-0.586088,0.18213800000000002,0.382678,0.243506,0.07336000000000001,1.025302,0.622318,0.551027,1.0332700000000001,0.18842899999999999,0.043535000000000004,0.6121439999999999,2.503996,0.63143,0.412046,0.16378900000000002,c>e>d>g>a>b>m>h>p>f>i>j>o>k>n>l,4.0,5.0,0.0,2.0,1.0,9.0,3.0,7.0,10.0,11.0,13.0,15.0,6.0,14.0,12.0,8.0
-0.586088,-1.1893790000000002,0.55337,-1.172687,-1.132326,0.216205,-0.227787,-0.56679,-0.670674,-0.49801999999999996,1.075244,-0.909118,-0.23824,-0.668794,-0.9267780000000001,0.153085,j>o>g>e>c>a>k>m>d>b>p>l>n>h>i>f,5.0,9.0,4.0,8.0,3.0,15.0,2.0,13.0,14.0,0.0,6.0,11.0,7.0,12.0,1.0,10.0
-0.586088,1.768052,2.668568,1.9606689999999998,2.08378,1.025302,1.0384120000000001,1.995873,1.925434,-0.469117,0.090181,3.9209050000000003,2.7181439999999997,4.12721,3.821473,0.5568420000000001,h>g>i>f>c>d>b>m>p>l>a>j>e>k>n>o,10.0,6.0,4.0,5.0,12.0,3.0,1.0,0.0,2.0,11.0,13.0,9.0,7.0,14.0,15.0,8.0
-0.40358299999999997,1.578877,1.764361,1.4333879999999999,1.582591,0.723874,0.542683,2.132605,2.137433,0.61475,0.725395,2.772052,0.840082,2.598692,3.4028959999999997,-1.0438040000000002,i>f>h>m>g>b>e>l>a>c>o>k>d>n>j>p,8.0,5.0,9.0,12.0,6.0,1.0,4.0,2.0,0.0,14.0,11.0,7.0,3.0,13.0,10.0,15.0
0.691453,-1.5361989999999999,2.001946,-1.603844,-1.354039,-0.813411,-1.591341,-1.336294,-1.396477,0.23178400000000002,0.383779,-0.752603,0.371988,-0.7836270000000001,-0.829734,0.7381489999999999,g>j>o>n>p>e>d>c>b>l>m>a>i>k>f>h,11.0,8.0,7.0,6.0,5.0,14.0,0.0,15.0,12.0,1.0,13.0,9.0,10.0,3.0,2.0,4.0
-0.221077,0.7559670000000001,-0.424649,0.719459,0.752939,-0.496118,-0.6956439999999999,0.050617,0.007135,-1.115825,-0.7453380000000001,0.701858,-0.025987,0.996059,0.9664,0.8478690000000001,c>b>h>f>i>m>a>l>j>d>p>e>g>k>o>n,6.0,1.0,0.0,9.0,11.0,3.0,12.0,2.0,4.0,8.0,13.0,7.0,5.0,15.0,14.0,10.0
-0.586088,0.8064140000000001,1.178472,0.747456,0.761433,-0.9538129999999999,-0.516465,-0.293327,-0.083554,-1.188083,-1.115766,-0.239169,0.546339,-0.397495,-0.086707,-0.355376,g>p>f>h>i>b>l>e>c>m>o>a>j>k>d>n,11.0,5.0,8.0,14.0,7.0,2.0,0.0,3.0,4.0,12.0,13.0,6.0,9.0,15.0,10.0,1.0
-0.40358299999999997,0.573098,1.125419,0.6541319999999999,0.466949,0.49383599999999994,0.697971,0.810395,0.7299939999999999,-0.017506,0.157407,-0.345341,2.140133,0.10713099999999999,-0.18979000000000001,-0.22190500000000002,g>l>k>b>h>m>a>c>f>n>o>j>i>e>d>p,6.0,3.0,7.0,14.0,13.0,8.0,0.0,4.0,12.0,11.0,2.0,1.0,5.0,9.0,10.0,15.0
3.2465349999999997,-0.8457120000000001,0.682542,-0.7233310000000001,-0.8822979999999999,1.160152,1.364916,0.233866,0.23091199999999998,0.542493,1.676159,-0.8503850000000001,-0.21928899999999998,-0.947413,-0.919905,-0.615293,o>k>a>e>n>l>b>d>m>g>c>j>p>h>i>f,2.0,6.0,10.0,7.0,3.0,15.0,9.0,13.0,14.0,11.0,1.0,5.0,8.0,4.0,0.0,12.0
-0.221077,1.613559,-0.087879,1.498715,1.77797,-2.130178,-1.0157770000000002,-1.236071,-0.6812739999999999,-0.725633,-1.388784,2.484839,1.9676779999999998,2.598235,2.542834,-0.794257,p>c>f>i>h>d>e>a>b>g>k>o>n>m>l>j,7.0,8.0,1.0,5.0,6.0,2.0,9.0,4.0,3.0,15.0,10.0,14.0,13.0,12.0,11.0,0.0
-0.586088,-0.6187020000000001,2.048079,-0.643073,-0.64756,-0.696806,-0.725507,-0.265135,-0.642113,-0.700342,-0.23222800000000002,-0.9052459999999999,1.071287,-1.046691,-0.7847529999999999,-0.206852,g>d>n>e>o>a>b>p>j>k>c>l>i>f>h>m,5.0,6.0,10.0,1.0,3.0,13.0,0.0,14.0,12.0,8.0,9.0,11.0,15.0,2.0,4.0,7.0
-0.586088,-0.07324800000000001,1.589056,-0.22311399999999998,-0.152317,-1.051381,-1.514891,-1.275399,-1.063756,-0.490795,-1.21043,0.019645,0.286708,-0.19756600000000002,-0.151472,0.031322,g>d>p>n>f>i>h>b>j>a>c>k>l>e>o>m,9.0,7.0,10.0,1.0,13.0,4.0,0.0,6.0,5.0,8.0,11.0,12.0,15.0,3.0,14.0,2.0
-0.586088,-0.221435,1.344551,-0.209116,-0.236981,-1.095802,-0.588137,-0.776821,-1.087017,-0.140344,-0.32826500000000003,0.003833,-0.073365,-0.007245000000000001,-0.132938,0.32469000000000003,g>p>b>d>c>e>n>a>f>i>h>o>j>k>l>m,7.0,2.0,4.0,3.0,5.0,8.0,0.0,10.0,9.0,12.0,13.0,14.0,15.0,6.0,11.0,1.0
